scaffold,start,end,mid,sites,sitesUsed,ABBA,BABA,D,fd,fdM
iTst_1000_1e3,1,5000,500,1000,189,0.0,1.0,-1.0,-0.0244,-0.0175
iTst_100_1e3,1,5000,500,1000,150,0.0,2.0,-1.0,-0.0741,-0.0465
iTst_101_1e3,1,5000,500,1000,131,1.0,0.0,1.0,0.0323,0.0244
iTst_10_1e3,1,5000,500,1000,144,0.0,0.0,nan,0.0,0.0
iTst_102_1e3,1,5000,500,1000,162,2.0,7.0,-0.5556,-0.1724,-0.1136
iTst_103_1e3,1,5000,500,1000,163,0.0,2.0,-1.0,-0.0625,-0.0408
iTst_104_1e3,1,5000,500,1000,133,0.0,0.0,nan,0.0,0.0
iTst_105_1e3,1,5000,500,1000,146,2.0,1.0,0.3333,0.0303,0.0185
iTst_106_1e3,1,5000,500,1000,166,2.0,0.0,1.0,0.0741,0.0541
iTst_107_1e3,1,5000,500,1000,130,0.0,22.0,-1.0,-0.7097,-0.3607
iTst_108_1e3,1,5000,500,1000,147,0.0,0.0,nan,0.0,0.0
iTst_109_1e3,1,5000,500,1000,149,1.0,0.0,1.0,0.05,0.0357
iTst_110_1e3,1,5000,500,1000,133,0.0,0.0,nan,0.0,0.0
iTst_111_1e3,1,5000,500,1000,129,1.0,0.0,1.0,0.0435,0.0323
iTst_11_1e3,1,5000,500,1000,142,0.0,17.0,-1.0,-0.9444,-0.3778
iTst_112_1e3,1,5000,500,1000,158,0.0,6.0,-1.0,-0.2,-0.1333
iTst_113_1e3,1,5000,500,1000,165,0.0,0.0,nan,0.0,0.0
iTst_114_1e3,1,5000,500,1000,125,0.0,12.0,-1.0,-0.6667,-0.3636
iTst_115_1e3,1,5000,500,1000,135,0.0,0.0,nan,0.0,0.0
iTst_116_1e3,1,5000,500,1000,189,0.0,0.0,nan,0.0,0.0
iTst_117_1e3,1,5000,500,1000,125,0.0,0.0,nan,0.0,0.0
iTst_118_1e3,1,5000,500,1000,115,0.0,7.0,-1.0,-0.3182,-0.2059
iTst_119_1e3,1,5000,500,1000,154,1.0,0.0,1.0,0.0345,0.0256
iTst_1_1e3,1,5000,500,1000,146,0.0,0.0,nan,0.0,0.0
iTst_120_1e3,1,5000,500,1000,166,0.0,6.0,-1.0,-0.1333,-0.0909
iTst_121_1e3,1,5000,500,1000,156,0.0,0.0,nan,0.0,0.0
iTst_12_1e3,1,5000,500,1000,152,0.0,1.0,-1.0,-0.0238,-0.02
iTst_122_1e3,1,5000,500,1000,150,0.0,2.0,-1.0,-0.0588,-0.04
iTst_123_1e3,1,5000,500,1000,150,1.0,1.0,0.0,0.0,0.0
iTst_124_1e3,1,5000,500,1000,161,0.0,28.0,-1.0,-0.7568,-0.4058
iTst_125_1e3,1,5000,500,1000,146,0.0,0.0,nan,0.0,0.0
iTst_126_1e3,1,5000,500,1000,165,0.0,5.0,-1.0,-0.1667,-0.1111
iTst_127_1e3,1,5000,500,1000,137,0.0,1.0,-1.0,-0.037,-0.0244
iTst_128_1e3,1,5000,500,1000,145,2.0,1.0,0.3333,0.0244,0.0167
iTst_129_1e3,1,5000,500,1000,183,0.0,0.0,nan,0.0,0.0
iTst_130_1e3,1,5000,500,1000,149,0.0,1.0,-1.0,-0.0345,-0.0233
iTst_131_1e3,1,5000,500,1000,145,0.0,0.0,nan,0.0,0.0
iTst_13_1e3,1,5000,500,1000,152,0.0,1.0,-1.0,-0.0313,-0.0217
iTst_132_1e3,1,5000,500,1000,140,0.0,0.0,nan,0.0,0.0
iTst_133_1e3,1,5000,500,1000,153,0.0,6.0,-1.0,-0.3,-0.1714
iTst_134_1e3,1,5000,500,1000,162,2.0,3.0,-0.2,-0.025,-0.0154
iTst_135_1e3,1,5000,500,1000,148,1.0,17.0,-0.8889,-0.5714,-0.3333
iTst_136_1e3,1,5000,500,1000,139,2.0,0.0,1.0,0.0645,0.0435
iTst_137_1e3,1,5000,500,1000,152,0.0,1.0,-1.0,-0.0263,-0.0222
iTst_138_1e3,1,5000,500,1000,144,6.0,1.0,0.7143,0.1471,0.0893
iTst_139_1e3,1,5000,500,1000,140,2.0,1.0,0.3333,0.027,0.0167
iTst_140_1e3,1,5000,500,1000,154,0.0,8.0,-1.0,-0.32,-0.2051
iTst_141_1e3,1,5000,500,1000,141,0.0,0.0,nan,0.0,0.0
iTst_14_1e3,1,5000,500,1000,141,0.0,1.0,-1.0,-0.0357,-0.0238
iTst_142_1e3,1,5000,500,1000,176,0.0,27.0,-1.0,-0.8438,-0.403
iTst_143_1e3,1,5000,500,1000,131,5.0,2.0,0.4286,0.0938,0.0462
iTst_144_1e3,1,5000,500,1000,138,0.0,0.0,nan,0.0,0.0
iTst_145_1e3,1,5000,500,1000,175,1.0,14.0,-0.8667,-0.2453,-0.1444
iTst_146_1e3,1,5000,500,1000,161,3.0,0.0,1.0,0.1034,0.0652
iTst_147_1e3,1,5000,500,1000,167,0.0,0.0,nan,0.0,0.0
iTst_148_1e3,1,5000,500,1000,134,1.0,0.0,1.0,0.0303,0.0263
iTst_149_1e3,1,5000,500,1000,165,1.0,10.0,-0.8182,-0.3,-0.1875
iTst_150_1e3,1,5000,500,1000,170,0.0,1.0,-1.0,-0.0333,-0.0208
iTst_151_1e3,1,5000,500,1000,162,1.0,0.0,1.0,0.0227,0.0164
iTst_15_1e3,1,5000,500,1000,149,1.0,1.0,0.0,0.0,0.0
iTst_152_1e3,1,5000,500,1000,133,0.0,19.0,-1.0,-1.0556,-0.4524
iTst_153_1e3,1,5000,500,1000,141,2.0,0.0,1.0,0.0625,0.0444
iTst_154_1e3,1,5000,500,1000,134,0.0,0.0,nan,0.0,0.0
iTst_155_1e3,1,5000,500,1000,137,1.0,7.0,-0.75,-0.2727,-0.1622
iTst_156_1e3,1,5000,500,1000,163,0.0,19.0,-1.0,-0.5135,-0.2603
iTst_157_1e3,1,5000,500,1000,176,3.0,0.0,1.0,0.0714,0.06
iTst_158_1e3,1,5000,500,1000,135,0.0,0.0,nan,0.0,0.0
iTst_159_1e3,1,5000,500,1000,142,0.0,12.0,-1.0,-0.3429,-0.2264
iTst_160_1e3,1,5000,500,1000,134,0.0,0.0,nan,0.0,0.0
iTst_161_1e3,1,5000,500,1000,160,2.0,1.0,0.3333,0.0303,0.0238
iTst_16_1e3,1,5000,500,1000,149,0.0,21.0,-1.0,-0.5833,-0.35
iTst_162_1e3,1,5000,500,1000,148,0.0,12.0,-1.0,-0.3871,-0.2308
iTst_163_1e3,1,5000,500,1000,161,0.0,1.0,-1.0,-0.0233,-0.0147
iTst_164_1e3,1,5000,500,1000,146,2.0,1.0,0.3333,0.0256,0.0167
iTst_165_1e3,1,5000,500,1000,166,0.0,0.0,nan,0.0,0.0
iTst_166_1e3,1,5000,500,1000,131,0.0,0.0,nan,0.0,0.0
iTst_167_1e3,1,5000,500,1000,134,0.0,8.0,-1.0,-0.3478,-0.1702
iTst_168_1e3,1,5000,500,1000,142,1.0,0.0,1.0,0.0286,0.0233
iTst_169_1e3,1,5000,500,1000,166,1.0,0.0,1.0,0.02,0.0182
iTst_170_1e3,1,5000,500,1000,131,0.0,12.0,-1.0,-0.4,-0.2727
iTst_171_1e3,1,5000,500,1000,167,1.0,0.0,1.0,0.0263,0.0192
iTst_17_1e3,1,5000,500,1000,130,2.0,6.0,-0.5,-0.1053,-0.0784
iTst_172_1e3,1,5000,500,1000,158,0.0,4.0,-1.0,-0.1026,-0.0678
iTst_173_1e3,1,5000,500,1000,158,1.0,1.0,0.0,0.0,0.0
iTst_174_1e3,1,5000,500,1000,152,0.0,15.0,-1.0,-0.5172,-0.25
iTst_175_1e3,1,5000,500,1000,116,0.0,2.0,-1.0,-0.1,-0.0588
iTst_176_1e3,1,5000,500,1000,139,1.0,0.0,1.0,0.02,0.0147
iTst_177_1e3,1,5000,500,1000,146,0.0,3.0,-1.0,-0.0938,-0.06
iTst_178_1e3,1,5000,500,1000,136,1.0,9.0,-0.8,-0.3077,-0.186
iTst_179_1e3,1,5000,500,1000,159,3.0,0.0,1.0,0.0909,0.05
iTst_180_1e3,1,5000,500,1000,141,1.0,1.0,0.0,0.0,0.0
iTst_181_1e3,1,5000,500,1000,148,0.0,5.0,-1.0,-0.1316,-0.0781
iTst_18_1e3,1,5000,500,1000,124,0.0,0.0,nan,0.0,0.0
iTst_182_1e3,1,5000,500,1000,145,0.0,0.0,nan,0.0,0.0
iTst_183_1e3,1,5000,500,1000,155,2.0,6.0,-0.5,-0.0952,-0.0656
iTst_184_1e3,1,5000,500,1000,137,2.0,1.0,0.3333,0.0357,0.0238
iTst_185_1e3,1,5000,500,1000,150,0.0,16.0,-1.0,-0.5,-0.2857
iTst_186_1e3,1,5000,500,1000,126,0.0,17.0,-1.0,-0.5667,-0.34
iTst_187_1e3,1,5000,500,1000,157,0.0,0.0,nan,0.0,0.0
iTst_188_1e3,1,5000,500,1000,145,2.0,3.0,-0.2,-0.0294,-0.0213
iTst_189_1e3,1,5000,500,1000,146,0.0,0.0,nan,0.0,0.0
iTst_190_1e3,1,5000,500,1000,147,0.0,9.0,-1.0,-0.2727,-0.1731
iTst_191_1e3,1,5000,500,1000,144,2.0,1.0,0.3333,0.0256,0.0204
iTst_19_1e3,1,5000,500,1000,141,0.0,0.0,nan,0.0,0.0
iTst_192_1e3,1,5000,500,1000,137,2.0,0.0,1.0,0.0714,0.04
iTst_193_1e3,1,5000,500,1000,142,0.0,12.0,-1.0,-0.3077,-0.2143
iTst_194_1e3,1,5000,500,1000,153,3.0,2.0,0.2,0.0222,0.0161
iTst_195_1e3,1,5000,500,1000,163,0.0,1.0,-1.0,-0.0357,-0.0233
iTst_196_1e3,1,5000,500,1000,148,2.0,14.0,-0.75,-0.3636,-0.2222
iTst_197_1e3,1,5000,500,1000,137,0.0,0.0,nan,0.0,0.0
iTst_198_1e3,1,5000,500,1000,141,2.0,0.0,1.0,0.0625,0.0488
iTst_199_1e3,1,5000,500,1000,155,1.0,2.0,-0.3333,-0.0217,-0.0167
iTst_200_1e3,1,5000,500,1000,166,2.0,0.0,1.0,0.0556,0.037
iTst_201_1e3,1,5000,500,1000,157,1.0,0.0,1.0,0.027,0.0208
iTst_20_1e3,1,5000,500,1000,171,14.0,0.0,1.0,0.2917,0.1892
iTst_202_1e3,1,5000,500,1000,181,0.0,2.0,-1.0,-0.069,-0.0377
iTst_203_1e3,1,5000,500,1000,150,2.0,13.0,-0.7333,-0.4783,-0.2245
iTst_204_1e3,1,5000,500,1000,141,0.0,0.0,nan,0.0,0.0
iTst_205_1e3,1,5000,500,1000,143,0.0,0.0,nan,0.0,0.0
iTst_206_1e3,1,5000,500,1000,174,2.0,1.0,0.3333,0.0333,0.0238
iTst_207_1e3,1,5000,500,1000,148,0.0,0.0,nan,0.0,0.0
iTst_208_1e3,1,5000,500,1000,139,0.0,21.0,-1.0,-0.5122,-0.3043
iTst_209_1e3,1,5000,500,1000,119,0.0,0.0,nan,0.0,0.0
iTst_210_1e3,1,5000,500,1000,169,0.0,1.0,-1.0,-0.0303,-0.0244
iTst_211_1e3,1,5000,500,1000,132,1.0,1.0,0.0,0.0,0.0
iTst_21_1e3,1,5000,500,1000,156,2.0,11.0,-0.6923,-0.1579,-0.1071
iTst_212_1e3,1,5000,500,1000,164,3.0,2.0,0.2,0.0278,0.0204
iTst_213_1e3,1,5000,500,1000,141,0.0,15.0,-1.0,-0.3571,-0.2174
iTst_214_1e3,1,5000,500,1000,156,0.0,0.0,nan,0.0,0.0
iTst_215_1e3,1,5000,500,1000,141,1.0,0.0,1.0,0.0303,0.0217
iTst_216_1e3,1,5000,500,1000,129,0.0,10.0,-1.0,-0.2564,-0.1613
iTst_217_1e3,1,5000,500,1000,125,0.0,0.0,nan,0.0,0.0
iTst_218_1e3,1,5000,500,1000,150,1.0,0.0,1.0,0.027,0.0204
iTst_219_1e3,1,5000,500,1000,137,0.0,5.0,-1.0,-0.1786,-0.0943
iTst_2_1e3,1,5000,500,1000,167,0.0,0.0,nan,0.0,0.0
iTst_220_1e3,1,5000,500,1000,145,0.0,1.0,-1.0,-0.0357,-0.0244
iTst_221_1e3,1,5000,500,1000,130,1.0,0.0,1.0,0.0286,0.0227
iTst_22_1e3,1,5000,500,1000,165,0.0,43.0,-1.0,-0.7049,-0.3909
iTst_222_1e3,1,5000,500,1000,154,0.0,1.0,-1.0,-0.0526,-0.0323
iTst_223_1e3,1,5000,500,1000,130,1.0,16.0,-0.8824,-0.4839,-0.2586
iTst_224_1e3,1,5000,500,1000,139,0.0,1.0,-1.0,-0.0417,-0.0238
iTst_225_1e3,1,5000,500,1000,140,0.0,6.0,-1.0,-0.1538,-0.0968
iTst_226_1e3,1,5000,500,1000,157,1.0,0.0,1.0,0.037,0.0286
iTst_227_1e3,1,5000,500,1000,131,0.0,9.0,-1.0,-0.9,-0.4737
iTst_228_1e3,1,5000,500,1000,130,0.0,13.0,-1.0,-0.52,-0.2826
iTst_229_1e3,1,5000,500,1000,149,0.0,0.0,nan,0.0,0.0
iTst_230_1e3,1,5000,500,1000,157,5.0,1.0,0.6667,0.093,0.0597
iTst_231_1e3,1,5000,500,1000,155,1.0,0.0,1.0,0.025,0.0196
iTst_23_1e3,1,5000,500,1000,147,0.0,9.0,-1.0,-0.3103,-0.1837
iTst_232_1e3,1,5000,500,1000,134,1.0,9.0,-0.8,-0.25,-0.1667
iTst_233_1e3,1,5000,500,1000,160,0.0,9.0,-1.0,-0.3214,-0.18
iTst_234_1e3,1,5000,500,1000,142,0.0,5.0,-1.0,-0.122,-0.0758
iTst_235_1e3,1,5000,500,1000,134,0.0,0.0,nan,0.0,0.0
iTst_236_1e3,1,5000,500,1000,126,1.0,12.0,-0.8462,-0.7333,-0.3235
iTst_237_1e3,1,5000,500,1000,153,1.0,0.0,1.0,0.0385,0.0303
iTst_238_1e3,1,5000,500,1000,131,0.0,15.0,-1.0,-0.6522,-0.3333
iTst_239_1e3,1,5000,500,1000,112,1.0,7.0,-0.75,-0.24,-0.1395
iTst_240_1e3,1,5000,500,1000,144,0.0,10.0,-1.0,-0.4,-0.2273
iTst_241_1e3,1,5000,500,1000,144,0.0,1.0,-1.0,-0.037,-0.0244
iTst_24_1e3,1,5000,500,1000,136,2.0,0.0,1.0,0.0833,0.0556
iTst_242_1e3,1,5000,500,1000,173,0.0,1.0,-1.0,-0.0217,-0.0167
iTst_243_1e3,1,5000,500,1000,169,0.0,15.0,-1.0,-0.4545,-0.2459
iTst_244_1e3,1,5000,500,1000,147,0.0,1.0,-1.0,-0.0333,-0.0217
iTst_245_1e3,1,5000,500,1000,153,1.0,0.0,1.0,0.0222,0.0175
iTst_246_1e3,1,5000,500,1000,159,2.0,0.0,1.0,0.04,0.0333
iTst_247_1e3,1,5000,500,1000,140,3.0,16.0,-0.6842,-0.4194,-0.2453
iTst_248_1e3,1,5000,500,1000,165,0.0,1.0,-1.0,-0.0263,-0.0196
iTst_249_1e3,1,5000,500,1000,140,1.0,1.0,0.0,0.0,0.0
iTst_250_1e3,1,5000,500,1000,168,0.0,0.0,nan,0.0,0.0
iTst_251_1e3,1,5000,500,1000,158,0.0,0.0,nan,0.0,0.0
iTst_25_1e3,1,5000,500,1000,161,0.0,0.0,nan,0.0,0.0
iTst_252_1e3,1,5000,500,1000,144,1.0,0.0,1.0,0.0278,0.0179
iTst_253_1e3,1,5000,500,1000,134,0.0,22.0,-1.0,-0.88,-0.4151
iTst_254_1e3,1,5000,500,1000,129,0.0,1.0,-1.0,-0.0294,-0.0244
iTst_255_1e3,1,5000,500,1000,172,1.0,0.0,1.0,0.0238,0.0192
iTst_256_1e3,1,5000,500,1000,134,0.0,0.0,nan,0.0,0.0
iTst_257_1e3,1,5000,500,1000,136,4.0,0.0,1.0,0.1176,0.0625
iTst_258_1e3,1,5000,500,1000,163,0.0,12.0,-1.0,-0.3429,-0.24
iTst_259_1e3,1,5000,500,1000,152,0.0,1.0,-1.0,-0.0244,-0.0208
iTst_260_1e3,1,5000,500,1000,148,7.0,0.0,1.0,0.1458,0.0933
iTst_261_1e3,1,5000,500,1000,173,0.0,18.0,-1.0,-0.3462,-0.2195
iTst_26_1e3,1,5000,500,1000,157,0.0,0.0,nan,0.0,0.0
iTst_262_1e3,1,5000,500,1000,188,1.0,7.0,-0.75,-0.1277,-0.0741
iTst_263_1e3,1,5000,500,1000,122,0.0,10.0,-1.0,-0.3448,-0.2222
iTst_264_1e3,1,5000,500,1000,153,0.0,0.0,nan,0.0,0.0
iTst_265_1e3,1,5000,500,1000,146,0.0,13.0,-1.0,-0.4333,-0.2281
iTst_266_1e3,1,5000,500,1000,143,0.0,1.0,-1.0,-0.037,-0.0303
iTst_267_1e3,1,5000,500,1000,151,1.0,2.0,-0.3333,-0.0435,-0.0313
iTst_268_1e3,1,5000,500,1000,132,0.0,0.0,nan,0.0,0.0
iTst_269_1e3,1,5000,500,1000,133,0.0,0.0,nan,0.0,0.0
iTst_270_1e3,1,5000,500,1000,142,0.0,7.0,-1.0,-0.2692,-0.175
iTst_271_1e3,1,5000,500,1000,171,1.0,1.0,0.0,0.0,0.0
iTst_27_1e3,1,5000,500,1000,155,1.0,0.0,1.0,0.0286,0.0227
iTst_272_1e3,1,5000,500,1000,177,0.0,24.0,-1.0,-0.8,-0.375
iTst_273_1e3,1,5000,500,1000,158,0.0,0.0,nan,0.0,0.0
iTst_274_1e3,1,5000,500,1000,131,0.0,9.0,-1.0,-0.2727,-0.2
iTst_275_1e3,1,5000,500,1000,136,1.0,4.0,-0.6,-0.0811,-0.05
iTst_276_1e3,1,5000,500,1000,162,2.0,16.0,-0.7778,-0.4516,-0.2642
iTst_277_1e3,1,5000,500,1000,154,0.0,1.0,-1.0,-0.025,-0.0172
iTst_278_1e3,1,5000,500,1000,135,2.0,0.0,1.0,0.05,0.0385
iTst_279_1e3,1,5000,500,1000,158,0.0,2.0,-1.0,-0.0645,-0.0435
iTst_280_1e3,1,5000,500,1000,185,1.0,17.0,-0.8889,-0.5714,-0.3265
iTst_281_1e3,1,5000,500,1000,127,0.0,1.0,-1.0,-0.0385,-0.0313
iTst_28_1e3,1,5000,500,1000,134,0.0,8.0,-1.0,-0.4,-0.2162
iTst_282_1e3,1,5000,500,1000,168,1.0,0.0,1.0,0.0313,0.0244
iTst_283_1e3,1,5000,500,1000,150,0.0,20.0,-1.0,-0.6452,-0.3509
iTst_284_1e3,1,5000,500,1000,134,1.0,12.0,-0.8462,-0.6111,-0.2683
iTst_285_1e3,1,5000,500,1000,122,0.0,1.0,-1.0,-0.037,-0.0244
iTst_286_1e3,1,5000,500,1000,141,1.0,13.0,-0.8571,-0.4138,-0.2222
iTst_287_1e3,1,5000,500,1000,139,1.0,2.0,-0.3333,-0.0333,-0.0286
iTst_288_1e3,1,5000,500,1000,165,0.0,0.0,nan,0.0,0.0
iTst_289_1e3,1,5000,500,1000,136,0.0,1.0,-1.0,-0.0303,-0.0213
iTst_290_1e3,1,5000,500,1000,120,1.0,1.0,0.0,0.0,0.0
iTst_291_1e3,1,5000,500,1000,198,0.0,12.0,-1.0,-0.4,-0.2222
iTst_29_1e3,1,5000,500,1000,148,1.0,1.0,0.0,0.0,0.0
iTst_292_1e3,1,5000,500,1000,157,0.0,0.0,nan,0.0,0.0
iTst_293_1e3,1,5000,500,1000,157,0.0,0.0,nan,0.0,0.0
iTst_294_1e3,1,5000,500,1000,131,0.0,0.0,nan,0.0,0.0
iTst_295_1e3,1,5000,500,1000,122,2.0,0.0,1.0,0.0769,0.0556
iTst_296_1e3,1,5000,500,1000,137,1.0,2.0,-0.3333,-0.0385,-0.0222
iTst_297_1e3,1,5000,500,1000,149,1.0,0.0,1.0,0.027,0.0208
iTst_298_1e3,1,5000,500,1000,143,1.0,14.0,-0.8667,-0.325,-0.2131
iTst_299_1e3,1,5000,500,1000,132,1.0,7.0,-0.75,-0.1935,-0.1176
iTst_300_1e3,1,5000,500,1000,127,1.0,0.0,1.0,0.0294,0.0256
iTst_301_1e3,1,5000,500,1000,171,0.0,48.0,-1.0,-1.1429,-0.5106
iTst_30_1e3,1,5000,500,1000,140,1.0,1.0,0.0,0.0,0.0
iTst_302_1e3,1,5000,500,1000,165,2.0,0.0,1.0,0.0606,0.0465
iTst_303_1e3,1,5000,500,1000,152,0.0,1.0,-1.0,-0.0333,-0.0227
iTst_304_1e3,1,5000,500,1000,132,0.0,0.0,nan,0.0,0.0
iTst_305_1e3,1,5000,500,1000,148,1.0,6.0,-0.7143,-0.1613,-0.1064
iTst_306_1e3,1,5000,500,1000,123,0.0,0.0,nan,0.0,0.0
iTst_307_1e3,1,5000,500,1000,170,2.0,0.0,1.0,0.0571,0.0435
iTst_308_1e3,1,5000,500,1000,162,0.0,0.0,nan,0.0,0.0
iTst_309_1e3,1,5000,500,1000,177,1.0,2.0,-0.3333,-0.0204,-0.0139
iTst_310_1e3,1,5000,500,1000,134,0.0,0.0,nan,0.0,0.0
iTst_311_1e3,1,5000,500,1000,142,13.0,1.0,0.8571,0.3,0.1667
iTst_31_1e3,1,5000,500,1000,153,0.0,20.0,-1.0,-0.5128,-0.303
iTst_312_1e3,1,5000,500,1000,163,1.0,1.0,0.0,0.0,0.0
iTst_313_1e3,1,5000,500,1000,149,2.0,1.0,0.3333,0.0303,0.0222
iTst_314_1e3,1,5000,500,1000,140,0.0,0.0,nan,0.0,0.0
iTst_315_1e3,1,5000,500,1000,152,1.0,20.0,-0.9048,-0.475,-0.2754
iTst_316_1e3,1,5000,500,1000,144,0.0,1.0,-1.0,-0.0435,-0.0294
iTst_317_1e3,1,5000,500,1000,151,0.0,0.0,nan,0.0,0.0
iTst_318_1e3,1,5000,500,1000,110,0.0,18.0,-1.0,-1.0,-0.439
iTst_319_1e3,1,5000,500,1000,155,0.0,9.0,-1.0,-0.36,-0.2308
iTst_3_1e3,1,5000,500,1000,177,0.0,14.0,-1.0,-0.4118,-0.2593
iTst_320_1e3,1,5000,500,1000,125,0.0,12.0,-1.0,-0.48,-0.2791
iTst_321_1e3,1,5000,500,1000,119,0.0,5.0,-1.0,-0.3333,-0.1613
iTst_32_1e3,1,5000,500,1000,149,0.0,0.0,nan,0.0,0.0
iTst_322_1e3,1,5000,500,1000,146,0.0,0.0,nan,0.0,0.0
iTst_323_1e3,1,5000,500,1000,135,1.0,0.0,1.0,0.0303,0.0227
iTst_324_1e3,1,5000,500,1000,146,0.0,9.0,-1.0,-0.5625,-0.3333
iTst_325_1e3,1,5000,500,1000,150,1.0,0.0,1.0,0.0213,0.0172
iTst_326_1e3,1,5000,500,1000,155,0.0,11.0,-1.0,-0.3143,-0.2157
iTst_327_1e3,1,5000,500,1000,154,0.0,1.0,-1.0,-0.0333,-0.0238
iTst_328_1e3,1,5000,500,1000,202,1.0,0.0,1.0,0.0204,0.0164
iTst_329_1e3,1,5000,500,1000,129,0.0,0.0,nan,0.0,0.0
iTst_330_1e3,1,5000,500,1000,132,0.0,0.0,nan,0.0,0.0
iTst_331_1e3,1,5000,500,1000,140,0.0,0.0,nan,0.0,0.0
iTst_33_1e3,1,5000,500,1000,148,2.0,12.0,-0.7143,-0.2632,-0.1639
iTst_332_1e3,1,5000,500,1000,161,0.0,22.0,-1.0,-0.5366,-0.3333
iTst_333_1e3,1,5000,500,1000,151,0.0,0.0,nan,0.0,0.0
iTst_334_1e3,1,5000,500,1000,149,0.0,1.0,-1.0,-0.037,-0.0278
iTst_335_1e3,1,5000,500,1000,171,0.0,0.0,nan,0.0,0.0
iTst_336_1e3,1,5000,500,1000,134,0.0,2.0,-1.0,-0.087,-0.0488
iTst_337_1e3,1,5000,500,1000,139,1.0,0.0,1.0,0.0357,0.0263
iTst_338_1e3,1,5000,500,1000,150,0.0,6.0,-1.0,-0.2222,-0.1579
iTst_339_1e3,1,5000,500,1000,161,1.0,2.0,-0.3333,-0.027,-0.0192
iTst_340_1e3,1,5000,500,1000,150,0.0,0.0,nan,0.0,0.0
iTst_341_1e3,1,5000,500,1000,163,0.0,11.0,-1.0,-0.3667,-0.2115
iTst_34_1e3,1,5000,500,1000,155,0.0,0.0,nan,0.0,0.0
iTst_342_1e3,1,5000,500,1000,141,0.0,0.0,nan,0.0,0.0
iTst_343_1e3,1,5000,500,1000,130,0.0,8.0,-1.0,-0.381,-0.2424
iTst_344_1e3,1,5000,500,1000,154,0.0,0.0,nan,0.0,0.0
iTst_345_1e3,1,5000,500,1000,154,0.0,8.0,-1.0,-0.2424,-0.1818
iTst_346_1e3,1,5000,500,1000,141,0.0,1.0,-1.0,-0.04,-0.0286
iTst_347_1e3,1,5000,500,1000,127,0.0,15.0,-1.0,-0.6,-0.2885
iTst_348_1e3,1,5000,500,1000,135,1.0,1.0,0.0,0.0,0.0
iTst_349_1e3,1,5000,500,1000,146,0.0,16.0,-1.0,-0.5333,-0.3333
iTst_350_1e3,1,5000,500,1000,125,1.0,1.0,0.0,0.0,0.0
iTst_351_1e3,1,5000,500,1000,156,0.0,1.0,-1.0,-0.0357,-0.0233
iTst_35_1e3,1,5000,500,1000,141,0.0,1.0,-1.0,-0.0278,-0.0204
iTst_352_1e3,1,5000,500,1000,175,0.0,19.0,-1.0,-0.6552,-0.3519
iTst_353_1e3,1,5000,500,1000,135,0.0,0.0,nan,0.0,0.0
iTst_354_1e3,1,5000,500,1000,139,2.0,2.0,0.0,0.0,0.0
iTst_355_1e3,1,5000,500,1000,165,1.0,0.0,1.0,0.0278,0.02
iTst_356_1e3,1,5000,500,1000,174,3.0,1.0,0.5,0.0408,0.0333
iTst_357_1e3,1,5000,500,1000,159,2.0,0.0,1.0,0.0625,0.0465
iTst_358_1e3,1,5000,500,1000,137,0.0,1.0,-1.0,-0.027,-0.0204
iTst_359_1e3,1,5000,500,1000,140,1.0,0.0,1.0,0.0244,0.0204
iTst_360_1e3,1,5000,500,1000,145,1.0,7.0,-0.75,-0.1667,-0.1176
iTst_361_1e3,1,5000,500,1000,160,1.0,0.0,1.0,0.0233,0.02
iTst_36_1e3,1,5000,500,1000,157,5.0,0.0,1.0,0.1563,0.0862
iTst_362_1e3,1,5000,500,1000,149,1.0,0.0,1.0,0.0204,0.0139
iTst_363_1e3,1,5000,500,1000,142,0.0,2.0,-1.0,-0.0667,-0.0377
iTst_364_1e3,1,5000,500,1000,158,1.0,0.0,1.0,0.0256,0.0179
iTst_365_1e3,1,5000,500,1000,191,0.0,17.0,-1.0,-0.3696,-0.1954
iTst_366_1e3,1,5000,500,1000,149,1.0,0.0,1.0,0.0313,0.0217
iTst_367_1e3,1,5000,500,1000,153,0.0,0.0,nan,0.0,0.0
iTst_368_1e3,1,5000,500,1000,157,0.0,23.0,-1.0,-0.6216,-0.3194
iTst_369_1e3,1,5000,500,1000,151,2.0,1.0,0.3333,0.0185,0.0125
iTst_370_1e3,1,5000,500,1000,172,1.0,1.0,0.0,0.0,0.0
iTst_371_1e3,1,5000,500,1000,122,1.0,1.0,0.0,0.0,0.0
iTst_37_1e3,1,5000,500,1000,139,0.0,0.0,nan,0.0,0.0
iTst_372_1e3,1,5000,500,1000,142,0.0,2.0,-1.0,-0.069,-0.0541
iTst_373_1e3,1,5000,500,1000,128,0.0,0.0,nan,0.0,0.0
iTst_374_1e3,1,5000,500,1000,148,0.0,0.0,nan,0.0,0.0
iTst_375_1e3,1,5000,500,1000,134,1.0,9.0,-0.8,-0.2857,-0.1818
iTst_376_1e3,1,5000,500,1000,140,1.0,1.0,0.0,0.0,0.0
iTst_377_1e3,1,5000,500,1000,140,0.0,0.0,nan,0.0,0.0
iTst_378_1e3,1,5000,500,1000,149,2.0,0.0,1.0,0.0769,0.0435
iTst_379_1e3,1,5000,500,1000,109,0.0,0.0,nan,0.0,0.0
iTst_380_1e3,1,5000,500,1000,162,1.0,1.0,0.0,0.0,0.0
iTst_381_1e3,1,5000,500,1000,140,0.0,1.0,-1.0,-0.0385,-0.0244
iTst_38_1e3,1,5000,500,1000,144,0.0,13.0,-1.0,-0.5417,-0.2889
iTst_382_1e3,1,5000,500,1000,182,25.0,1.0,0.9231,0.4286,0.2474
iTst_383_1e3,1,5000,500,1000,134,0.0,0.0,nan,0.0,0.0
iTst_384_1e3,1,5000,500,1000,149,3.0,0.0,1.0,0.0698,0.06
iTst_385_1e3,1,5000,500,1000,149,1.0,0.0,1.0,0.0303,0.0244
iTst_386_1e3,1,5000,500,1000,171,0.0,1.0,-1.0,-0.0238,-0.0161
iTst_387_1e3,1,5000,500,1000,140,1.0,0.0,1.0,0.0333,0.025
iTst_388_1e3,1,5000,500,1000,149,0.0,1.0,-1.0,-0.0333,-0.0256
iTst_389_1e3,1,5000,500,1000,150,0.0,0.0,nan,0.0,0.0
iTst_390_1e3,1,5000,500,1000,147,2.0,9.0,-0.6364,-0.2121,-0.1296
iTst_391_1e3,1,5000,500,1000,133,0.0,0.0,nan,0.0,0.0
iTst_39_1e3,1,5000,500,1000,144,0.0,0.0,nan,0.0,0.0
iTst_392_1e3,1,5000,500,1000,154,0.0,0.0,nan,0.0,0.0
iTst_393_1e3,1,5000,500,1000,154,0.0,0.0,nan,0.0,0.0
iTst_394_1e3,1,5000,500,1000,169,15.0,0.0,1.0,0.2381,0.1613
iTst_395_1e3,1,5000,500,1000,153,0.0,2.0,-1.0,-0.0645,-0.0385
iTst_396_1e3,1,5000,500,1000,145,2.0,0.0,1.0,0.0588,0.0435
iTst_397_1e3,1,5000,500,1000,179,2.0,8.0,-0.6,-0.1538,-0.0923
iTst_398_1e3,1,5000,500,1000,183,0.0,0.0,nan,0.0,0.0
iTst_399_1e3,1,5000,500,1000,143,0.0,1.0,-1.0,-0.0357,-0.027
iTst_400_1e3,1,5000,500,1000,165,0.0,0.0,nan,0.0,0.0
iTst_401_1e3,1,5000,500,1000,164,1.0,27.0,-0.9286,-0.5652,-0.3171
iTst_40_1e3,1,5000,500,1000,150,0.0,0.0,nan,0.0,0.0
iTst_402_1e3,1,5000,500,1000,159,1.0,8.0,-0.7778,-0.3043,-0.1707
iTst_403_1e3,1,5000,500,1000,171,3.0,0.0,1.0,0.0714,0.0517
iTst_404_1e3,1,5000,500,1000,133,0.0,1.0,-1.0,-0.0323,-0.0227
iTst_405_1e3,1,5000,500,1000,143,0.0,0.0,nan,0.0,0.0
iTst_406_1e3,1,5000,500,1000,158,0.0,2.0,-1.0,-0.0345,-0.0278
iTst_407_1e3,1,5000,500,1000,180,1.0,2.0,-0.3333,-0.0313,-0.0244
iTst_408_1e3,1,5000,500,1000,172,1.0,19.0,-0.9,-0.2727,-0.1682
iTst_409_1e3,1,5000,500,1000,135,0.0,0.0,nan,0.0,0.0
iTst_410_1e3,1,5000,500,1000,178,3.0,1.0,0.5,0.05,0.0308
iTst_411_1e3,1,5000,500,1000,127,0.0,0.0,nan,0.0,0.0
iTst_41_1e3,1,5000,500,1000,153,0.0,10.0,-1.0,-0.3846,-0.2222
iTst_412_1e3,1,5000,500,1000,145,1.0,1.0,0.0,0.0,0.0
iTst_413_1e3,1,5000,500,1000,137,0.0,24.0,-1.0,-1.0909,-0.4706
iTst_414_1e3,1,5000,500,1000,142,0.0,1.0,-1.0,-0.0357,-0.0238
iTst_415_1e3,1,5000,500,1000,164,1.0,2.0,-0.3333,-0.0256,-0.0175
iTst_416_1e3,1,5000,500,1000,142,0.0,13.0,-1.0,-0.4815,-0.2653
iTst_417_1e3,1,5000,500,1000,138,1.0,0.0,1.0,0.04,0.0323
iTst_418_1e3,1,5000,500,1000,145,0.0,1.0,-1.0,-0.0333,-0.0238
iTst_419_1e3,1,5000,500,1000,153,0.0,19.0,-1.0,-0.4634,-0.2639
iTst_4_1e3,1,5000,500,1000,148,3.0,1.0,0.5,0.05,0.037
iTst_420_1e3,1,5000,500,1000,202,0.0,2.0,-1.0,-0.0714,-0.0541
iTst_421_1e3,1,5000,500,1000,155,3.0,1.0,0.5,0.0313,0.025
iTst_42_1e3,1,5000,500,1000,143,0.0,15.0,-1.0,-0.3409,-0.2308
iTst_422_1e3,1,5000,500,1000,149,0.0,20.0,-1.0,-1.1111,-0.4878
iTst_423_1e3,1,5000,500,1000,156,0.0,0.0,nan,0.0,0.0
iTst_424_1e3,1,5000,500,1000,128,0.0,8.0,-1.0,-0.2667,-0.1739
iTst_425_1e3,1,5000,500,1000,162,1.0,2.0,-0.3333,-0.02,-0.0164
iTst_426_1e3,1,5000,500,1000,160,1.0,1.0,0.0,0.0,0.0
iTst_427_1e3,1,5000,500,1000,140,0.0,0.0,nan,0.0,0.0
iTst_428_1e3,1,5000,500,1000,139,1.0,1.0,0.0,0.0,0.0
iTst_429_1e3,1,5000,500,1000,144,0.0,0.0,nan,0.0,0.0
iTst_430_1e3,1,5000,500,1000,163,0.0,0.0,nan,0.0,0.0
iTst_431_1e3,1,5000,500,1000,157,0.0,0.0,nan,0.0,0.0
iTst_43_1e3,1,5000,500,1000,155,0.0,33.0,-1.0,-0.8684,-0.4177
iTst_432_1e3,1,5000,500,1000,157,2.0,3.0,-0.2,-0.027,-0.0159
iTst_433_1e3,1,5000,500,1000,125,0.0,0.0,nan,0.0,0.0
iTst_434_1e3,1,5000,500,1000,162,2.0,7.0,-0.5556,-0.1087,-0.0725
iTst_435_1e3,1,5000,500,1000,119,1.0,0.0,1.0,0.0455,0.027
iTst_436_1e3,1,5000,500,1000,150,0.0,11.0,-1.0,-0.44,-0.2245
iTst_437_1e3,1,5000,500,1000,143,0.0,0.0,nan,0.0,0.0
iTst_438_1e3,1,5000,500,1000,122,0.0,0.0,nan,0.0,0.0
iTst_439_1e3,1,5000,500,1000,164,0.0,0.0,nan,0.0,0.0
iTst_440_1e3,1,5000,500,1000,169,3.0,1.0,0.5,0.0513,0.0392
iTst_441_1e3,1,5000,500,1000,168,3.0,0.0,1.0,0.0938,0.0714
iTst_44_1e3,1,5000,500,1000,159,0.0,1.0,-1.0,-0.02,-0.0161
iTst_442_1e3,1,5000,500,1000,136,0.0,1.0,-1.0,-0.0526,-0.0294
iTst_443_1e3,1,5000,500,1000,130,0.0,0.0,nan,0.0,0.0
iTst_444_1e3,1,5000,500,1000,155,1.0,1.0,0.0,0.0,0.0
iTst_445_1e3,1,5000,500,1000,158,0.0,0.0,nan,0.0,0.0
iTst_446_1e3,1,5000,500,1000,156,1.0,3.0,-0.5,-0.0488,-0.0357
iTst_447_1e3,1,5000,500,1000,146,0.0,11.0,-1.0,-0.3548,-0.2037
iTst_448_1e3,1,5000,500,1000,140,0.0,0.0,nan,0.0,0.0
iTst_449_1e3,1,5000,500,1000,140,1.0,1.0,0.0,0.0,0.0
iTst_450_1e3,1,5000,500,1000,157,0.0,0.0,nan,0.0,0.0
iTst_451_1e3,1,5000,500,1000,157,2.0,1.0,0.3333,0.0417,0.0286
iTst_45_1e3,1,5000,500,1000,133,1.0,7.0,-0.75,-0.24,-0.1395
iTst_452_1e3,1,5000,500,1000,132,0.0,13.0,-1.0,-0.7647,-0.3095
iTst_453_1e3,1,5000,500,1000,167,1.0,0.0,1.0,0.0169,0.013
iTst_454_1e3,1,5000,500,1000,122,1.0,1.0,0.0,0.0,0.0
iTst_455_1e3,1,5000,500,1000,140,0.0,1.0,-1.0,-0.0435,-0.0333
iTst_456_1e3,1,5000,500,1000,146,0.0,0.0,nan,0.0,0.0
iTst_457_1e3,1,5000,500,1000,124,0.0,13.0,-1.0,-0.52,-0.2889
iTst_458_1e3,1,5000,500,1000,179,0.0,21.0,-1.0,-0.6176,-0.3443
iTst_459_1e3,1,5000,500,1000,152,0.0,0.0,nan,0.0,0.0
iTst_460_1e3,1,5000,500,1000,151,1.0,2.0,-0.3333,-0.0357,-0.0256
iTst_461_1e3,1,5000,500,1000,145,1.0,1.0,0.0,0.0,0.0
iTst_46_1e3,1,5000,500,1000,165,3.0,0.0,1.0,0.0909,0.0545
iTst_462_1e3,1,5000,500,1000,127,0.0,9.0,-1.0,-0.3333,-0.2195
iTst_463_1e3,1,5000,500,1000,146,0.0,7.0,-1.0,-0.2059,-0.1489
iTst_464_1e3,1,5000,500,1000,148,1.0,1.0,0.0,0.0,0.0
iTst_465_1e3,1,5000,500,1000,156,1.0,1.0,0.0,0.0,0.0
iTst_466_1e3,1,5000,500,1000,137,2.0,8.0,-0.6,-0.1765,-0.1053
iTst_467_1e3,1,5000,500,1000,124,0.0,0.0,nan,0.0,0.0
iTst_468_1e3,1,5000,500,1000,148,0.0,0.0,nan,0.0,0.0
iTst_469_1e3,1,5000,500,1000,137,0.0,22.0,-1.0,-0.8462,-0.386
iTst_470_1e3,1,5000,500,1000,142,2.0,0.0,1.0,0.1111,0.0741
iTst_471_1e3,1,5000,500,1000,130,0.0,0.0,nan,0.0,0.0
iTst_47_1e3,1,5000,500,1000,131,0.0,0.0,nan,0.0,0.0
iTst_472_1e3,1,5000,500,1000,124,0.0,1.0,-1.0,-0.0667,-0.04
iTst_473_1e3,1,5000,500,1000,133,1.0,0.0,1.0,0.0526,0.0323
iTst_474_1e3,1,5000,500,1000,134,0.0,10.0,-1.0,-0.2857,-0.1786
iTst_475_1e3,1,5000,500,1000,167,0.0,13.0,-1.0,-0.5417,-0.325
iTst_476_1e3,1,5000,500,1000,178,0.0,0.0,nan,0.0,0.0
iTst_477_1e3,1,5000,500,1000,132,0.0,6.0,-1.0,-0.2857,-0.1667
iTst_478_1e3,1,5000,500,1000,158,1.0,0.0,1.0,0.0263,0.0204
iTst_479_1e3,1,5000,500,1000,160,0.0,12.0,-1.0,-0.4615,-0.25
iTst_480_1e3,1,5000,500,1000,132,1.0,0.0,1.0,0.025,0.0172
iTst_481_1e3,1,5000,500,1000,167,0.0,1.0,-1.0,-0.025,-0.0167
iTst_48_1e3,1,5000,500,1000,138,0.0,2.0,-1.0,-0.0667,-0.0488
iTst_482_1e3,1,5000,500,1000,176,0.0,0.0,nan,0.0,0.0
iTst_483_1e3,1,5000,500,1000,163,7.0,1.0,0.75,0.1176,0.0811
iTst_484_1e3,1,5000,500,1000,142,0.0,1.0,-1.0,-0.0417,-0.025
iTst_485_1e3,1,5000,500,1000,151,1.0,0.0,1.0,0.0417,0.0303
iTst_486_1e3,1,5000,500,1000,152,0.0,11.0,-1.0,-0.2683,-0.193
iTst_487_1e3,1,5000,500,1000,134,0.0,2.0,-1.0,-0.0952,-0.0645
iTst_488_1e3,1,5000,500,1000,140,0.0,0.0,nan,0.0,0.0
iTst_489_1e3,1,5000,500,1000,181,1.0,1.0,0.0,0.0,0.0
iTst_490_1e3,1,5000,500,1000,144,0.0,0.0,nan,0.0,0.0
iTst_491_1e3,1,5000,500,1000,157,0.0,0.0,nan,0.0,0.0
iTst_49_1e3,1,5000,500,1000,154,0.0,0.0,nan,0.0,0.0
iTst_492_1e3,1,5000,500,1000,160,1.0,11.0,-0.8333,-0.3846,-0.2083
iTst_493_1e3,1,5000,500,1000,145,0.0,0.0,nan,0.0,0.0
iTst_494_1e3,1,5000,500,1000,151,1.0,0.0,1.0,0.0303,0.0204
iTst_495_1e3,1,5000,500,1000,170,0.0,0.0,nan,0.0,0.0
iTst_496_1e3,1,5000,500,1000,187,0.0,0.0,nan,0.0,0.0
iTst_497_1e3,1,5000,500,1000,157,1.0,1.0,0.0,0.0,0.0
iTst_498_1e3,1,5000,500,1000,140,1.0,0.0,1.0,0.0385,0.027
iTst_499_1e3,1,5000,500,1000,161,0.0,1.0,-1.0,-0.0244,-0.0222
iTst_500_1e3,1,5000,500,1000,157,0.0,0.0,nan,0.0,0.0
iTst_501_1e3,1,5000,500,1000,149,0.0,0.0,nan,0.0,0.0
iTst_50_1e3,1,5000,500,1000,138,1.0,2.0,-0.3333,-0.0222,-0.0145
iTst_502_1e3,1,5000,500,1000,170,2.0,1.0,0.3333,0.0208,0.0167
iTst_503_1e3,1,5000,500,1000,132,1.0,5.0,-0.6667,-0.1905,-0.1111
iTst_504_1e3,1,5000,500,1000,154,1.0,8.0,-0.7778,-0.1795,-0.1207
iTst_505_1e3,1,5000,500,1000,143,0.0,25.0,-1.0,-0.4902,-0.2841
iTst_506_1e3,1,5000,500,1000,134,1.0,16.0,-0.8824,-0.5357,-0.2941
iTst_507_1e3,1,5000,500,1000,131,0.0,1.0,-1.0,-0.0345,-0.0213
iTst_508_1e3,1,5000,500,1000,142,0.0,0.0,nan,0.0,0.0
iTst_509_1e3,1,5000,500,1000,149,0.0,16.0,-1.0,-0.4848,-0.2759
iTst_510_1e3,1,5000,500,1000,157,1.0,0.0,1.0,0.0213,0.0179
iTst_511_1e3,1,5000,500,1000,142,1.0,24.0,-0.92,-0.7667,-0.3651
iTst_51_1e3,1,5000,500,1000,134,0.0,23.0,-1.0,-0.92,-0.4182
iTst_512_1e3,1,5000,500,1000,132,0.0,10.0,-1.0,-0.4348,-0.2439
iTst_513_1e3,1,5000,500,1000,138,10.0,1.0,0.8182,0.2143,0.1324
iTst_514_1e3,1,5000,500,1000,136,1.0,11.0,-0.8333,-0.303,-0.1667
iTst_515_1e3,1,5000,500,1000,146,1.0,0.0,1.0,0.0313,0.0233
iTst_516_1e3,1,5000,500,1000,156,8.0,2.0,0.6,0.1154,0.0857
iTst_517_1e3,1,5000,500,1000,144,0.0,23.0,-1.0,-0.6765,-0.3594
iTst_518_1e3,1,5000,500,1000,142,0.0,0.0,nan,0.0,0.0
iTst_519_1e3,1,5000,500,1000,143,0.0,0.0,nan,0.0,0.0
iTst_5_1e3,1,5000,500,1000,151,0.0,1.0,-1.0,-0.0256,-0.0179
iTst_520_1e3,1,5000,500,1000,158,2.0,1.0,0.3333,0.0286,0.0189
iTst_521_1e3,1,5000,500,1000,124,1.0,13.0,-0.8571,-0.3871,-0.2449
iTst_52_1e3,1,5000,500,1000,122,0.0,9.0,-1.0,-0.3913,-0.2432
iTst_522_1e3,1,5000,500,1000,130,1.0,1.0,0.0,0.0,0.0
iTst_523_1e3,1,5000,500,1000,161,1.0,14.0,-0.8667,-0.3714,-0.2031
iTst_524_1e3,1,5000,500,1000,155,0.0,19.0,-1.0,-0.5429,-0.3016
iTst_525_1e3,1,5000,500,1000,151,4.0,0.0,1.0,0.1212,0.0769
iTst_526_1e3,1,5000,500,1000,123,1.0,7.0,-0.75,-0.3158,-0.2
iTst_527_1e3,1,5000,500,1000,147,0.0,3.0,-1.0,-0.1154,-0.0652
iTst_528_1e3,1,5000,500,1000,128,1.0,8.0,-0.7778,-0.2593,-0.1628
iTst_529_1e3,1,5000,500,1000,120,0.0,18.0,-1.0,-0.72,-0.3673
iTst_530_1e3,1,5000,500,1000,158,0.0,0.0,nan,0.0,0.0
iTst_531_1e3,1,5000,500,1000,151,0.0,0.0,nan,0.0,0.0
iTst_53_1e3,1,5000,500,1000,170,0.0,0.0,nan,0.0,0.0
iTst_532_1e3,1,5000,500,1000,131,1.0,0.0,1.0,0.05,0.0345
iTst_533_1e3,1,5000,500,1000,140,1.0,1.0,0.0,0.0,0.0
iTst_534_1e3,1,5000,500,1000,116,0.0,0.0,nan,0.0,0.0
iTst_535_1e3,1,5000,500,1000,151,1.0,0.0,1.0,0.0196,0.0141
iTst_536_1e3,1,5000,500,1000,151,0.0,2.0,-1.0,-0.125,-0.0769
iTst_537_1e3,1,5000,500,1000,174,0.0,0.0,nan,0.0,0.0
iTst_538_1e3,1,5000,500,1000,162,15.0,1.0,0.875,0.2979,0.2059
iTst_539_1e3,1,5000,500,1000,159,0.0,14.0,-1.0,-0.5833,-0.3111
iTst_540_1e3,1,5000,500,1000,157,1.0,0.0,1.0,0.0385,0.0256
iTst_541_1e3,1,5000,500,1000,165,1.0,3.0,-0.5,-0.0556,-0.0351
iTst_54_1e3,1,5000,500,1000,151,1.0,0.0,1.0,0.0227,0.0182
iTst_542_1e3,1,5000,500,1000,141,0.0,0.0,nan,0.0,0.0
iTst_543_1e3,1,5000,500,1000,163,0.0,4.0,-1.0,-0.129,-0.0784
iTst_544_1e3,1,5000,500,1000,129,0.0,0.0,nan,0.0,0.0
iTst_545_1e3,1,5000,500,1000,128,2.0,0.0,1.0,0.08,0.0625
iTst_546_1e3,1,5000,500,1000,125,0.0,4.0,-1.0,-0.16,-0.0976
iTst_547_1e3,1,5000,500,1000,151,0.0,0.0,nan,0.0,0.0
iTst_548_1e3,1,5000,500,1000,142,0.0,5.0,-1.0,-0.1282,-0.0943
iTst_549_1e3,1,5000,500,1000,134,0.0,0.0,nan,0.0,0.0
iTst_550_1e3,1,5000,500,1000,139,0.0,1.0,-1.0,-0.0417,-0.0286
iTst_551_1e3,1,5000,500,1000,123,0.0,0.0,nan,0.0,0.0
iTst_55_1e3,1,5000,500,1000,168,0.0,14.0,-1.0,-0.4,-0.2258
iTst_552_1e3,1,5000,500,1000,159,0.0,1.0,-1.0,-0.0313,-0.0204
iTst_553_1e3,1,5000,500,1000,166,1.0,0.0,1.0,0.0263,0.02
iTst_554_1e3,1,5000,500,1000,140,0.0,0.0,nan,0.0,0.0
iTst_555_1e3,1,5000,500,1000,141,1.0,5.0,-0.6667,-0.16,-0.08
iTst_556_1e3,1,5000,500,1000,138,0.0,0.0,nan,0.0,0.0
iTst_557_1e3,1,5000,500,1000,149,0.0,1.0,-1.0,-0.0357,-0.0238
iTst_558_1e3,1,5000,500,1000,167,0.0,6.0,-1.0,-0.15,-0.1017
iTst_559_1e3,1,5000,500,1000,144,0.0,0.0,nan,0.0,0.0
iTst_560_1e3,1,5000,500,1000,123,0.0,7.0,-1.0,-0.3043,-0.1667
iTst_561_1e3,1,5000,500,1000,140,1.0,0.0,1.0,0.0313,0.025
iTst_56_1e3,1,5000,500,1000,170,1.0,21.0,-0.9091,-0.3922,-0.2439
iTst_562_1e3,1,5000,500,1000,157,1.0,4.0,-0.6,-0.0789,-0.0536
iTst_563_1e3,1,5000,500,1000,138,2.0,0.0,1.0,0.0667,0.0513
iTst_564_1e3,1,5000,500,1000,144,0.0,1.0,-1.0,-0.0357,-0.0213
iTst_565_1e3,1,5000,500,1000,160,0.0,3.0,-1.0,-0.0938,-0.0638
iTst_566_1e3,1,5000,500,1000,167,0.0,0.0,nan,0.0,0.0
iTst_567_1e3,1,5000,500,1000,151,0.0,0.0,nan,0.0,0.0
iTst_568_1e3,1,5000,500,1000,137,0.0,0.0,nan,0.0,0.0
iTst_569_1e3,1,5000,500,1000,141,0.0,0.0,nan,0.0,0.0
iTst_570_1e3,1,5000,500,1000,122,0.0,0.0,nan,0.0,0.0
iTst_571_1e3,1,5000,500,1000,148,0.0,0.0,nan,0.0,0.0
iTst_57_1e3,1,5000,500,1000,173,1.0,0.0,1.0,0.0278,0.0244
iTst_572_1e3,1,5000,500,1000,130,0.0,1.0,-1.0,-0.0385,-0.025
iTst_573_1e3,1,5000,500,1000,131,2.0,1.0,0.3333,0.0323,0.0208
iTst_574_1e3,1,5000,500,1000,128,4.0,0.0,1.0,0.129,0.0952
iTst_575_1e3,1,5000,500,1000,138,1.0,23.0,-0.9167,-0.6111,-0.3438
iTst_576_1e3,1,5000,500,1000,168,0.0,1.0,-1.0,-0.0294,-0.0196
iTst_577_1e3,1,5000,500,1000,143,1.0,0.0,1.0,0.0313,0.0217
iTst_578_1e3,1,5000,500,1000,141,0.0,0.0,nan,0.0,0.0
iTst_579_1e3,1,5000,500,1000,129,0.0,9.0,-1.0,-0.4091,-0.1875
iTst_580_1e3,1,5000,500,1000,188,1.0,0.0,1.0,0.0182,0.0132
iTst_581_1e3,1,5000,500,1000,137,1.0,0.0,1.0,0.037,0.0263
iTst_58_1e3,1,5000,500,1000,153,0.0,11.0,-1.0,-0.4583,-0.2292
iTst_582_1e3,1,5000,500,1000,154,1.0,35.0,-0.9444,-1.0625,-0.4474
iTst_583_1e3,1,5000,500,1000,158,0.0,0.0,nan,0.0,0.0
iTst_584_1e3,1,5000,500,1000,164,1.0,2.0,-0.3333,-0.0323,-0.0189
iTst_585_1e3,1,5000,500,1000,134,1.0,12.0,-0.8462,-0.3056,-0.1864
iTst_586_1e3,1,5000,500,1000,163,1.0,1.0,0.0,0.0,0.0
iTst_587_1e3,1,5000,500,1000,126,0.0,1.0,-1.0,-0.0333,-0.0256
iTst_588_1e3,1,5000,500,1000,149,1.0,23.0,-0.9167,-0.6111,-0.3056
iTst_589_1e3,1,5000,500,1000,130,0.0,16.0,-1.0,-0.5161,-0.3019
iTst_590_1e3,1,5000,500,1000,171,0.0,0.0,nan,0.0,0.0
iTst_591_1e3,1,5000,500,1000,148,2.0,0.0,1.0,0.0526,0.0328
iTst_59_1e3,1,5000,500,1000,151,0.0,0.0,nan,0.0,0.0
iTst_592_1e3,1,5000,500,1000,129,1.0,5.0,-0.6667,-0.1538,-0.1
iTst_593_1e3,1,5000,500,1000,173,2.0,2.0,0.0,0.0,0.0
iTst_594_1e3,1,5000,500,1000,170,1.0,43.0,-0.9545,-0.8077,-0.42
iTst_595_1e3,1,5000,500,1000,139,0.0,15.0,-1.0,-1.0,-0.4167
iTst_596_1e3,1,5000,500,1000,135,0.0,0.0,nan,0.0,0.0
iTst_597_1e3,1,5000,500,1000,155,1.0,11.0,-0.8333,-0.4348,-0.2174
iTst_598_1e3,1,5000,500,1000,139,1.0,0.0,1.0,0.0345,0.0227
iTst_599_1e3,1,5000,500,1000,170,1.0,1.0,0.0,0.0,0.0
iTst_600_1e3,1,5000,500,1000,147,0.0,1.0,-1.0,-0.0385,-0.0303
iTst_601_1e3,1,5000,500,1000,152,0.0,20.0,-1.0,-0.7692,-0.3922
iTst_60_1e3,1,5000,500,1000,137,1.0,1.0,0.0,0.0,0.0
iTst_602_1e3,1,5000,500,1000,138,2.0,0.0,1.0,0.0526,0.0435
iTst_603_1e3,1,5000,500,1000,157,1.0,0.0,1.0,0.0263,0.0189
iTst_604_1e3,1,5000,500,1000,147,1.0,0.0,1.0,0.0303,0.0204
iTst_605_1e3,1,5000,500,1000,155,0.0,0.0,nan,0.0,0.0
iTst_606_1e3,1,5000,500,1000,133,0.0,1.0,-1.0,-0.027,-0.0192
iTst_607_1e3,1,5000,500,1000,152,1.0,30.0,-0.9355,-0.5577,-0.3494
iTst_608_1e3,1,5000,500,1000,158,1.0,0.0,1.0,0.027,0.0208
iTst_609_1e3,1,5000,500,1000,157,2.0,0.0,1.0,0.0476,0.0385
iTst_610_1e3,1,5000,500,1000,154,0.0,0.0,nan,0.0,0.0
iTst_611_1e3,1,5000,500,1000,152,1.0,1.0,0.0,0.0,0.0
iTst_61_1e3,1,5000,500,1000,153,1.0,0.0,1.0,0.0244,0.0204
iTst_612_1e3,1,5000,500,1000,151,0.0,7.0,-1.0,-0.2121,-0.1296
iTst_613_1e3,1,5000,500,1000,134,0.0,0.0,nan,0.0,0.0
iTst_614_1e3,1,5000,500,1000,141,0.0,1.0,-1.0,-0.0435,-0.0256
iTst_615_1e3,1,5000,500,1000,160,1.0,0.0,1.0,0.037,0.027
iTst_616_1e3,1,5000,500,1000,153,1.0,0.0,1.0,0.0233,0.0175
iTst_617_1e3,1,5000,500,1000,167,0.0,1.0,-1.0,-0.037,-0.0204
iTst_618_1e3,1,5000,500,1000,152,0.0,0.0,nan,0.0,0.0
iTst_619_1e3,1,5000,500,1000,163,0.0,1.0,-1.0,-0.0213,-0.0164
iTst_6_1e3,1,5000,500,1000,154,0.0,2.0,-1.0,-0.0571,-0.0392
iTst_620_1e3,1,5000,500,1000,159,0.0,0.0,nan,0.0,0.0
iTst_621_1e3,1,5000,500,1000,126,0.0,22.0,-1.0,-0.9565,-0.4314
iTst_62_1e3,1,5000,500,1000,148,1.0,0.0,1.0,0.025,0.0204
iTst_622_1e3,1,5000,500,1000,148,0.0,0.0,nan,0.0,0.0
iTst_623_1e3,1,5000,500,1000,144,0.0,1.0,-1.0,-0.0333,-0.0278
iTst_624_1e3,1,5000,500,1000,151,8.0,1.0,0.7778,0.2059,0.1129
iTst_625_1e3,1,5000,500,1000,133,0.0,5.0,-1.0,-0.1613,-0.1087
iTst_626_1e3,1,5000,500,1000,136,0.0,0.0,nan,0.0,0.0
iTst_627_1e3,1,5000,500,1000,170,0.0,1.0,-1.0,-0.0357,-0.0278
iTst_628_1e3,1,5000,500,1000,178,1.0,12.0,-0.8462,-0.2895,-0.1692
iTst_629_1e3,1,5000,500,1000,153,0.0,0.0,nan,0.0,0.0
iTst_630_1e3,1,5000,500,1000,150,1.0,18.0,-0.8947,-0.7391,-0.3617
iTst_631_1e3,1,5000,500,1000,138,0.0,7.0,-1.0,-0.2692,-0.1707
iTst_63_1e3,1,5000,500,1000,157,0.0,2.0,-1.0,-0.0667,-0.0426
iTst_632_1e3,1,5000,500,1000,133,0.0,10.0,-1.0,-0.3448,-0.2128
iTst_633_1e3,1,5000,500,1000,140,0.0,1.0,-1.0,-0.027,-0.02
iTst_634_1e3,1,5000,500,1000,153,1.0,0.0,1.0,0.0278,0.0208
iTst_635_1e3,1,5000,500,1000,141,0.0,1.0,-1.0,-0.0323,-0.0208
iTst_636_1e3,1,5000,500,1000,133,9.0,4.0,0.3846,0.1351,0.0794
iTst_637_1e3,1,5000,500,1000,194,0.0,20.0,-1.0,-0.6667,-0.3571
iTst_638_1e3,1,5000,500,1000,129,0.0,9.0,-1.0,-0.4091,-0.2368
iTst_639_1e3,1,5000,500,1000,159,0.0,15.0,-1.0,-0.6,-0.3333
iTst_640_1e3,1,5000,500,1000,160,0.0,14.0,-1.0,-0.4516,-0.2745
iTst_641_1e3,1,5000,500,1000,125,0.0,11.0,-1.0,-0.6111,-0.3333
iTst_64_1e3,1,5000,500,1000,170,0.0,15.0,-1.0,-0.3947,-0.2344
iTst_642_1e3,1,5000,500,1000,156,0.0,0.0,nan,0.0,0.0
iTst_643_1e3,1,5000,500,1000,171,0.0,1.0,-1.0,-0.0185,-0.0156
iTst_644_1e3,1,5000,500,1000,138,1.0,2.0,-0.3333,-0.0345,-0.0244
iTst_645_1e3,1,5000,500,1000,137,0.0,0.0,nan,0.0,0.0
iTst_646_1e3,1,5000,500,1000,144,0.0,3.0,-1.0,-0.0968,-0.0612
iTst_647_1e3,1,5000,500,1000,161,0.0,8.0,-1.0,-0.2222,-0.16
iTst_648_1e3,1,5000,500,1000,157,1.0,1.0,0.0,0.0,0.0
iTst_649_1e3,1,5000,500,1000,164,1.0,0.0,1.0,0.0294,0.0233
iTst_650_1e3,1,5000,500,1000,134,0.0,0.0,nan,0.0,0.0
iTst_651_1e3,1,5000,500,1000,168,0.0,1.0,-1.0,-0.02,-0.0172
iTst_65_1e3,1,5000,500,1000,147,0.0,0.0,nan,0.0,0.0
iTst_652_1e3,1,5000,500,1000,135,1.0,0.0,1.0,0.0345,0.0227
iTst_653_1e3,1,5000,500,1000,156,1.0,0.0,1.0,0.0227,0.0172
iTst_654_1e3,1,5000,500,1000,136,0.0,17.0,-1.0,-0.85,-0.4146
iTst_655_1e3,1,5000,500,1000,128,1.0,0.0,1.0,0.0455,0.0333
iTst_656_1e3,1,5000,500,1000,162,0.0,1.0,-1.0,-0.0238,-0.0204
iTst_657_1e3,1,5000,500,1000,158,0.0,7.0,-1.0,-0.2692,-0.1591
iTst_658_1e3,1,5000,500,1000,143,0.0,0.0,nan,0.0,0.0
iTst_659_1e3,1,5000,500,1000,142,1.0,2.0,-0.3333,-0.0256,-0.02
iTst_660_1e3,1,5000,500,1000,189,21.0,2.0,0.8261,0.3878,0.2317
iTst_661_1e3,1,5000,500,1000,141,0.0,2.0,-1.0,-0.05,-0.0455
iTst_66_1e3,1,5000,500,1000,135,2.0,0.0,1.0,0.0606,0.0417
iTst_662_1e3,1,5000,500,1000,124,0.0,11.0,-1.0,-0.44,-0.2558
iTst_663_1e3,1,5000,500,1000,142,1.0,0.0,1.0,0.0286,0.025
iTst_664_1e3,1,5000,500,1000,138,0.0,11.0,-1.0,-0.3667,-0.2245
iTst_665_1e3,1,5000,500,1000,153,0.0,5.0,-1.0,-0.1613,-0.102
iTst_666_1e3,1,5000,500,1000,141,1.0,0.0,1.0,0.0417,0.037
iTst_667_1e3,1,5000,500,1000,157,0.0,1.0,-1.0,-0.0286,-0.0217
iTst_668_1e3,1,5000,500,1000,133,1.0,0.0,1.0,0.0313,0.0196
iTst_669_1e3,1,5000,500,1000,132,1.0,1.0,0.0,0.0,0.0
iTst_670_1e3,1,5000,500,1000,130,0.0,21.0,-1.0,-0.7778,-0.3684
iTst_671_1e3,1,5000,500,1000,148,0.0,2.0,-1.0,-0.069,-0.0435
iTst_67_1e3,1,5000,500,1000,139,0.0,12.0,-1.0,-0.8,-0.375
iTst_672_1e3,1,5000,500,1000,144,1.0,5.0,-0.6667,-0.1176,-0.0784
iTst_673_1e3,1,5000,500,1000,165,5.0,0.0,1.0,0.1136,0.0758
iTst_674_1e3,1,5000,500,1000,142,0.0,0.0,nan,0.0,0.0
iTst_675_1e3,1,5000,500,1000,143,0.0,1.0,-1.0,-0.0385,-0.0204
iTst_676_1e3,1,5000,500,1000,141,0.0,1.0,-1.0,-0.0263,-0.0167
iTst_677_1e3,1,5000,500,1000,189,1.0,1.0,0.0,0.0,0.0
iTst_678_1e3,1,5000,500,1000,151,0.0,1.0,-1.0,-0.0196,-0.0164
iTst_679_1e3,1,5000,500,1000,145,0.0,1.0,-1.0,-0.0256,-0.0182
iTst_680_1e3,1,5000,500,1000,127,2.0,0.0,1.0,0.069,0.0513
iTst_681_1e3,1,5000,500,1000,172,1.0,12.0,-0.8462,-0.2558,-0.1549
iTst_68_1e3,1,5000,500,1000,162,0.0,14.0,-1.0,-0.2857,-0.1647
iTst_682_1e3,1,5000,500,1000,162,0.0,3.0,-1.0,-0.1,-0.0625
iTst_683_1e3,1,5000,500,1000,166,1.0,20.0,-0.9048,-0.5278,-0.2836
iTst_684_1e3,1,5000,500,1000,133,0.0,1.0,-1.0,-0.0313,-0.0192
iTst_685_1e3,1,5000,500,1000,136,0.0,1.0,-1.0,-0.0333,-0.0222
iTst_686_1e3,1,5000,500,1000,180,8.0,0.0,1.0,0.2105,0.1212
iTst_687_1e3,1,5000,500,1000,131,0.0,18.0,-1.0,-0.72,-0.3214
iTst_688_1e3,1,5000,500,1000,152,2.0,4.0,-0.3333,-0.0541,-0.0377
iTst_689_1e3,1,5000,500,1000,140,1.0,1.0,0.0,0.0,0.0
iTst_690_1e3,1,5000,500,1000,152,1.0,9.0,-0.8,-0.2286,-0.1194
iTst_691_1e3,1,5000,500,1000,163,1.0,1.0,0.0,0.0,0.0
iTst_69_1e3,1,5000,500,1000,170,1.0,0.0,1.0,0.0286,0.0192
iTst_692_1e3,1,5000,500,1000,161,0.0,0.0,nan,0.0,0.0
iTst_693_1e3,1,5000,500,1000,132,0.0,0.0,nan,0.0,0.0
iTst_694_1e3,1,5000,500,1000,187,1.0,37.0,-0.9474,-0.6667,-0.3495
iTst_695_1e3,1,5000,500,1000,118,0.0,9.0,-1.0,-0.36,-0.1765
iTst_696_1e3,1,5000,500,1000,147,1.0,14.0,-0.8667,-0.3514,-0.1884
iTst_697_1e3,1,5000,500,1000,158,1.0,1.0,0.0,0.0,0.0
iTst_698_1e3,1,5000,500,1000,163,0.0,0.0,nan,0.0,0.0
iTst_699_1e3,1,5000,500,1000,152,2.0,1.0,0.3333,0.027,0.0189
iTst_700_1e3,1,5000,500,1000,154,1.0,0.0,1.0,0.0313,0.025
iTst_701_1e3,1,5000,500,1000,154,0.0,4.0,-1.0,-0.1429,-0.0909
iTst_70_1e3,1,5000,500,1000,153,0.0,4.0,-1.0,-0.1053,-0.0625
iTst_702_1e3,1,5000,500,1000,143,1.0,6.0,-0.7143,-0.1852,-0.125
iTst_703_1e3,1,5000,500,1000,125,0.0,0.0,nan,0.0,0.0
iTst_704_1e3,1,5000,500,1000,147,0.0,0.0,nan,0.0,0.0
iTst_705_1e3,1,5000,500,1000,131,0.0,3.0,-1.0,-0.1154,-0.0811
iTst_706_1e3,1,5000,500,1000,144,0.0,7.0,-1.0,-0.3889,-0.1944
iTst_707_1e3,1,5000,500,1000,172,2.0,1.0,0.3333,0.0263,0.0196
iTst_708_1e3,1,5000,500,1000,156,0.0,0.0,nan,0.0,0.0
iTst_709_1e3,1,5000,500,1000,154,0.0,6.0,-1.0,-0.1935,-0.1224
iTst_710_1e3,1,5000,500,1000,155,0.0,8.0,-1.0,-0.2,-0.1311
iTst_711_1e3,1,5000,500,1000,142,0.0,2.0,-1.0,-0.0588,-0.0455
iTst_71_1e3,1,5000,500,1000,141,0.0,0.0,nan,0.0,0.0
iTst_712_1e3,1,5000,500,1000,152,0.0,0.0,nan,0.0,0.0
iTst_713_1e3,1,5000,500,1000,134,1.0,9.0,-0.8,-0.2581,-0.1481
iTst_714_1e3,1,5000,500,1000,163,0.0,24.0,-1.0,-1.0435,-0.4615
iTst_715_1e3,1,5000,500,1000,120,0.0,0.0,nan,0.0,0.0
iTst_716_1e3,1,5000,500,1000,160,1.0,0.0,1.0,0.0385,0.0244
iTst_717_1e3,1,5000,500,1000,130,0.0,1.0,-1.0,-0.0263,-0.0196
iTst_718_1e3,1,5000,500,1000,155,13.0,1.0,0.8571,0.3333,0.1967
iTst_719_1e3,1,5000,500,1000,166,0.0,0.0,nan,0.0,0.0
iTst_7_1e3,1,5000,500,1000,167,0.0,0.0,nan,0.0,0.0
iTst_720_1e3,1,5000,500,1000,147,0.0,5.0,-1.0,-0.125,-0.0862
iTst_721_1e3,1,5000,500,1000,153,0.0,1.0,-1.0,-0.037,-0.0222
iTst_72_1e3,1,5000,500,1000,140,0.0,0.0,nan,0.0,0.0
iTst_722_1e3,1,5000,500,1000,126,0.0,1.0,-1.0,-0.0313,-0.0222
iTst_723_1e3,1,5000,500,1000,162,1.0,0.0,1.0,0.027,0.0185
iTst_724_1e3,1,5000,500,1000,151,1.0,11.0,-0.8333,-0.3226,-0.1695
iTst_725_1e3,1,5000,500,1000,152,1.0,0.0,1.0,0.0323,0.027
iTst_726_1e3,1,5000,500,1000,148,0.0,16.0,-1.0,-0.4444,-0.2424
iTst_727_1e3,1,5000,500,1000,146,2.0,0.0,1.0,0.0377,0.0317
iTst_728_1e3,1,5000,500,1000,157,0.0,0.0,nan,0.0,0.0
iTst_729_1e3,1,5000,500,1000,160,0.0,11.0,-1.0,-0.3056,-0.1642
iTst_730_1e3,1,5000,500,1000,146,0.0,15.0,-1.0,-0.3659,-0.2143
iTst_731_1e3,1,5000,500,1000,164,0.0,0.0,nan,0.0,0.0
iTst_73_1e3,1,5000,500,1000,123,0.0,1.0,-1.0,-0.0333,-0.0233
iTst_732_1e3,1,5000,500,1000,155,2.0,1.0,0.3333,0.0323,0.0227
iTst_733_1e3,1,5000,500,1000,116,0.0,0.0,nan,0.0,0.0
iTst_734_1e3,1,5000,500,1000,150,0.0,6.0,-1.0,-0.15,-0.1091
iTst_735_1e3,1,5000,500,1000,139,0.0,1.0,-1.0,-0.0417,-0.0294
iTst_736_1e3,1,5000,500,1000,165,2.0,16.0,-0.7778,-0.5185,-0.2642
iTst_737_1e3,1,5000,500,1000,167,5.0,0.0,1.0,0.1111,0.0862
iTst_738_1e3,1,5000,500,1000,147,3.0,1.0,0.5,0.0606,0.0476
iTst_739_1e3,1,5000,500,1000,157,0.0,1.0,-1.0,-0.0217,-0.0143
iTst_740_1e3,1,5000,500,1000,138,0.0,17.0,-1.0,-0.4857,-0.3091
iTst_741_1e3,1,5000,500,1000,167,3.0,0.0,1.0,0.0698,0.0492
iTst_74_1e3,1,5000,500,1000,138,0.0,0.0,nan,0.0,0.0
iTst_742_1e3,1,5000,500,1000,152,0.0,1.0,-1.0,-0.0435,-0.0303
iTst_743_1e3,1,5000,500,1000,163,1.0,0.0,1.0,0.0303,0.0182
iTst_744_1e3,1,5000,500,1000,152,0.0,2.0,-1.0,-0.0645,-0.0392
iTst_745_1e3,1,5000,500,1000,148,0.0,0.0,nan,0.0,0.0
iTst_746_1e3,1,5000,500,1000,148,1.0,14.0,-0.8667,-0.3824,-0.2407
iTst_747_1e3,1,5000,500,1000,141,0.0,1.0,-1.0,-0.0417,-0.0233
iTst_748_1e3,1,5000,500,1000,135,0.0,0.0,nan,0.0,0.0
iTst_749_1e3,1,5000,500,1000,120,0.0,0.0,nan,0.0,0.0
iTst_750_1e3,1,5000,500,1000,162,1.0,0.0,1.0,0.0323,0.0217
iTst_751_1e3,1,5000,500,1000,176,0.0,1.0,-1.0,-0.0175,-0.0161
iTst_75_1e3,1,5000,500,1000,138,0.0,0.0,nan,0.0,0.0
iTst_752_1e3,1,5000,500,1000,156,0.0,0.0,nan,0.0,0.0
iTst_753_1e3,1,5000,500,1000,155,0.0,19.0,-1.0,-0.4872,-0.2676
iTst_754_1e3,1,5000,500,1000,117,0.0,0.0,nan,0.0,0.0
iTst_755_1e3,1,5000,500,1000,149,0.0,1.0,-1.0,-0.0333,-0.0278
iTst_756_1e3,1,5000,500,1000,135,0.0,1.0,-1.0,-0.0417,-0.0278
iTst_757_1e3,1,5000,500,1000,150,1.0,0.0,1.0,0.0244,0.0204
iTst_758_1e3,1,5000,500,1000,150,0.0,0.0,nan,0.0,0.0
iTst_759_1e3,1,5000,500,1000,177,0.0,24.0,-1.0,-0.8571,-0.375
iTst_760_1e3,1,5000,500,1000,142,2.0,0.0,1.0,0.0667,0.0364
iTst_761_1e3,1,5000,500,1000,136,0.0,0.0,nan,0.0,0.0
iTst_76_1e3,1,5000,500,1000,182,1.0,0.0,1.0,0.0204,0.0135
iTst_762_1e3,1,5000,500,1000,148,0.0,0.0,nan,0.0,0.0
iTst_763_1e3,1,5000,500,1000,151,1.0,3.0,-0.5,-0.0513,-0.0357
iTst_764_1e3,1,5000,500,1000,143,0.0,14.0,-1.0,-0.3256,-0.2
iTst_765_1e3,1,5000,500,1000,142,1.0,0.0,1.0,0.0313,0.0179
iTst_766_1e3,1,5000,500,1000,151,0.0,1.0,-1.0,-0.0323,-0.0213
iTst_767_1e3,1,5000,500,1000,153,6.0,0.0,1.0,0.15,0.0909
iTst_768_1e3,1,5000,500,1000,130,0.0,15.0,-1.0,-0.4545,-0.2679
iTst_769_1e3,1,5000,500,1000,143,1.0,7.0,-0.75,-0.2308,-0.1364
iTst_770_1e3,1,5000,500,1000,132,0.0,11.0,-1.0,-0.55,-0.2973
iTst_771_1e3,1,5000,500,1000,130,0.0,1.0,-1.0,-0.0357,-0.025
iTst_77_1e3,1,5000,500,1000,178,0.0,40.0,-1.0,-1.0,-0.4545
iTst_772_1e3,1,5000,500,1000,163,2.0,1.0,0.3333,0.0303,0.02
iTst_773_1e3,1,5000,500,1000,142,1.0,0.0,1.0,0.0263,0.0213
iTst_774_1e3,1,5000,500,1000,147,0.0,0.0,nan,0.0,0.0
iTst_775_1e3,1,5000,500,1000,166,1.0,0.0,1.0,0.0278,0.0227
iTst_776_1e3,1,5000,500,1000,175,23.0,1.0,0.9167,0.4314,0.2683
iTst_777_1e3,1,5000,500,1000,142,0.0,6.0,-1.0,-0.1875,-0.1333
iTst_778_1e3,1,5000,500,1000,119,0.0,2.0,-1.0,-0.1053,-0.0645
iTst_779_1e3,1,5000,500,1000,149,0.0,17.0,-1.0,-0.4722,-0.2982
iTst_780_1e3,1,5000,500,1000,141,0.0,11.0,-1.0,-0.4231,-0.22
iTst_781_1e3,1,5000,500,1000,143,1.0,0.0,1.0,0.0313,0.02
iTst_78_1e3,1,5000,500,1000,150,0.0,8.0,-1.0,-0.25,-0.1379
iTst_782_1e3,1,5000,500,1000,169,0.0,0.0,nan,0.0,0.0
iTst_783_1e3,1,5000,500,1000,157,1.0,0.0,1.0,0.0345,0.0286
iTst_784_1e3,1,5000,500,1000,173,0.0,2.0,-1.0,-0.0476,-0.0364
iTst_785_1e3,1,5000,500,1000,168,0.0,1.0,-1.0,-0.0303,-0.0196
iTst_786_1e3,1,5000,500,1000,162,0.0,0.0,nan,0.0,0.0
iTst_787_1e3,1,5000,500,1000,134,0.0,12.0,-1.0,-0.3871,-0.2222
iTst_788_1e3,1,5000,500,1000,149,0.0,0.0,nan,0.0,0.0
iTst_789_1e3,1,5000,500,1000,166,0.0,0.0,nan,0.0,0.0
iTst_790_1e3,1,5000,500,1000,117,0.0,1.0,-1.0,-0.0345,-0.0263
iTst_791_1e3,1,5000,500,1000,140,0.0,15.0,-1.0,-0.7143,-0.375
iTst_79_1e3,1,5000,500,1000,137,0.0,1.0,-1.0,-0.037,-0.025
iTst_792_1e3,1,5000,500,1000,121,0.0,0.0,nan,0.0,0.0
iTst_793_1e3,1,5000,500,1000,135,0.0,0.0,nan,0.0,0.0
iTst_794_1e3,1,5000,500,1000,173,0.0,3.0,-1.0,-0.04,-0.0326
iTst_795_1e3,1,5000,500,1000,134,1.0,9.0,-0.8,-0.2667,-0.16
iTst_796_1e3,1,5000,500,1000,153,1.0,0.0,1.0,0.02,0.0147
iTst_797_1e3,1,5000,500,1000,161,0.0,11.0,-1.0,-0.4783,-0.2895
iTst_798_1e3,1,5000,500,1000,160,0.0,0.0,nan,0.0,0.0
iTst_799_1e3,1,5000,500,1000,183,1.0,18.0,-0.8947,-0.3778,-0.2537
iTst_800_1e3,1,5000,500,1000,144,1.0,1.0,0.0,0.0,0.0
iTst_801_1e3,1,5000,500,1000,169,0.0,1.0,-1.0,-0.025,-0.0196
iTst_80_1e3,1,5000,500,1000,170,0.0,0.0,nan,0.0,0.0
iTst_802_1e3,1,5000,500,1000,145,0.0,0.0,nan,0.0,0.0
iTst_803_1e3,1,5000,500,1000,161,0.0,1.0,-1.0,-0.0263,-0.0189
iTst_804_1e3,1,5000,500,1000,122,0.0,0.0,nan,0.0,0.0
iTst_805_1e3,1,5000,500,1000,160,0.0,0.0,nan,0.0,0.0
iTst_806_1e3,1,5000,500,1000,166,1.0,0.0,1.0,0.0286,0.0164
iTst_807_1e3,1,5000,500,1000,137,0.0,10.0,-1.0,-0.25,-0.1538
iTst_808_1e3,1,5000,500,1000,150,1.0,0.0,1.0,0.0256,0.0169
iTst_809_1e3,1,5000,500,1000,153,0.0,0.0,nan,0.0,0.0
iTst_810_1e3,1,5000,500,1000,150,1.0,10.0,-0.8182,-0.1915,-0.1216
iTst_811_1e3,1,5000,500,1000,138,0.0,0.0,nan,0.0,0.0
iTst_81_1e3,1,5000,500,1000,148,0.0,1.0,-1.0,-0.0294,-0.0192
iTst_812_1e3,1,5000,500,1000,150,0.0,11.0,-1.0,-0.4783,-0.2821
iTst_813_1e3,1,5000,500,1000,126,1.0,3.0,-0.5,-0.069,-0.0488
iTst_814_1e3,1,5000,500,1000,138,1.0,1.0,0.0,0.0,0.0
iTst_815_1e3,1,5000,500,1000,135,0.0,16.0,-1.0,-0.5714,-0.2712
iTst_816_1e3,1,5000,500,1000,132,1.0,0.0,1.0,0.0294,0.0217
iTst_817_1e3,1,5000,500,1000,164,1.0,8.0,-0.7778,-0.35,-0.2
iTst_818_1e3,1,5000,500,1000,173,0.0,0.0,nan,0.0,0.0
iTst_819_1e3,1,5000,500,1000,168,0.0,5.0,-1.0,-0.1724,-0.1163
iTst_8_1e3,1,5000,500,1000,180,1.0,8.0,-0.7778,-0.2,-0.1077
iTst_820_1e3,1,5000,500,1000,137,0.0,0.0,nan,0.0,0.0
iTst_821_1e3,1,5000,500,1000,159,0.0,12.0,-1.0,-0.4,-0.2105
iTst_82_1e3,1,5000,500,1000,126,1.0,7.0,-0.75,-0.1935,-0.1463
iTst_822_1e3,1,5000,500,1000,129,0.0,11.0,-1.0,-0.55,-0.2558
iTst_823_1e3,1,5000,500,1000,145,0.0,0.0,nan,0.0,0.0
iTst_824_1e3,1,5000,500,1000,141,1.0,0.0,1.0,0.0244,0.0185
iTst_825_1e3,1,5000,500,1000,135,0.0,1.0,-1.0,-0.0333,-0.0294
iTst_826_1e3,1,5000,500,1000,164,0.0,9.0,-1.0,-0.2571,-0.1475
iTst_827_1e3,1,5000,500,1000,158,0.0,0.0,nan,0.0,0.0
iTst_828_1e3,1,5000,500,1000,134,0.0,0.0,nan,0.0,0.0
iTst_829_1e3,1,5000,500,1000,147,0.0,0.0,nan,0.0,0.0
iTst_830_1e3,1,5000,500,1000,151,0.0,2.0,-1.0,-0.0588,-0.0408
iTst_831_1e3,1,5000,500,1000,193,0.0,0.0,nan,0.0,0.0
iTst_83_1e3,1,5000,500,1000,136,0.0,8.0,-1.0,-0.2051,-0.1429
iTst_832_1e3,1,5000,500,1000,173,1.0,0.0,1.0,0.025,0.0161
iTst_833_1e3,1,5000,500,1000,132,1.0,0.0,1.0,0.0526,0.0313
iTst_834_1e3,1,5000,500,1000,140,0.0,0.0,nan,0.0,0.0
iTst_835_1e3,1,5000,500,1000,158,0.0,1.0,-1.0,-0.0233,-0.0175
iTst_836_1e3,1,5000,500,1000,150,0.0,0.0,nan,0.0,0.0
iTst_837_1e3,1,5000,500,1000,189,8.0,0.0,1.0,0.186,0.1053
iTst_838_1e3,1,5000,500,1000,144,0.0,0.0,nan,0.0,0.0
iTst_839_1e3,1,5000,500,1000,150,11.0,1.0,0.8333,0.2128,0.1235
iTst_840_1e3,1,5000,500,1000,166,0.0,1.0,-1.0,-0.0333,-0.025
iTst_841_1e3,1,5000,500,1000,138,1.0,9.0,-0.8,-0.2581,-0.1379
iTst_84_1e3,1,5000,500,1000,151,0.0,2.0,-1.0,-0.0588,-0.0435
iTst_842_1e3,1,5000,500,1000,125,1.0,1.0,0.0,0.0,0.0
iTst_843_1e3,1,5000,500,1000,152,0.0,12.0,-1.0,-0.5714,-0.2553
iTst_844_1e3,1,5000,500,1000,162,0.0,20.0,-1.0,-0.625,-0.3077
iTst_845_1e3,1,5000,500,1000,146,0.0,0.0,nan,0.0,0.0
iTst_846_1e3,1,5000,500,1000,168,0.0,0.0,nan,0.0,0.0
iTst_847_1e3,1,5000,500,1000,148,0.0,0.0,nan,0.0,0.0
iTst_848_1e3,1,5000,500,1000,164,1.0,0.0,1.0,0.0323,0.0204
iTst_849_1e3,1,5000,500,1000,139,0.0,0.0,nan,0.0,0.0
iTst_850_1e3,1,5000,500,1000,133,0.0,0.0,nan,0.0,0.0
iTst_851_1e3,1,5000,500,1000,189,0.0,11.0,-1.0,-0.5,-0.2683
iTst_85_1e3,1,5000,500,1000,144,0.0,1.0,-1.0,-0.0244,-0.0182
iTst_852_1e3,1,5000,500,1000,135,4.0,0.0,1.0,0.1379,0.08
iTst_853_1e3,1,5000,500,1000,133,1.0,12.0,-0.8462,-0.3793,-0.234
iTst_854_1e3,1,5000,500,1000,137,1.0,3.0,-0.5,-0.0455,-0.0345
iTst_855_1e3,1,5000,500,1000,170,2.0,0.0,1.0,0.0488,0.0328
iTst_856_1e3,1,5000,500,1000,155,0.0,1.0,-1.0,-0.0323,-0.0233
iTst_857_1e3,1,5000,500,1000,132,2.0,7.0,-0.5556,-0.1429,-0.0943
iTst_858_1e3,1,5000,500,1000,146,0.0,0.0,nan,0.0,0.0
iTst_859_1e3,1,5000,500,1000,120,0.0,1.0,-1.0,-0.0588,-0.037
iTst_860_1e3,1,5000,500,1000,156,0.0,2.0,-1.0,-0.0476,-0.0351
iTst_861_1e3,1,5000,500,1000,136,1.0,0.0,1.0,0.0286,0.0213
iTst_86_1e3,1,5000,500,1000,162,0.0,21.0,-1.0,-1.0,-0.42
iTst_862_1e3,1,5000,500,1000,135,1.0,11.0,-0.8333,-0.3448,-0.1923
iTst_863_1e3,1,5000,500,1000,208,9.0,1.0,0.8,0.1633,0.1053
iTst_864_1e3,1,5000,500,1000,140,0.0,0.0,nan,0.0,0.0
iTst_865_1e3,1,5000,500,1000,148,1.0,0.0,1.0,0.0294,0.0244
iTst_866_1e3,1,5000,500,1000,134,0.0,9.0,-1.0,-0.3913,-0.2368
iTst_867_1e3,1,5000,500,1000,148,0.0,22.0,-1.0,-0.6471,-0.3385
iTst_868_1e3,1,5000,500,1000,194,3.0,3.0,0.0,0.0,0.0
iTst_869_1e3,1,5000,500,1000,138,0.0,0.0,nan,0.0,0.0
iTst_870_1e3,1,5000,500,1000,130,0.0,8.0,-1.0,-0.32,-0.1951
iTst_871_1e3,1,5000,500,1000,172,2.0,0.0,1.0,0.04,0.0313
iTst_87_1e3,1,5000,500,1000,143,1.0,13.0,-0.8571,-0.4444,-0.24
iTst_872_1e3,1,5000,500,1000,152,0.0,0.0,nan,0.0,0.0
iTst_873_1e3,1,5000,500,1000,157,1.0,1.0,0.0,0.0,0.0
iTst_874_1e3,1,5000,500,1000,149,1.0,0.0,1.0,0.02,0.0164
iTst_875_1e3,1,5000,500,1000,168,2.0,0.0,1.0,0.0317,0.0225
iTst_876_1e3,1,5000,500,1000,142,0.0,1.0,-1.0,-0.0313,-0.025
iTst_877_1e3,1,5000,500,1000,152,0.0,33.0,-1.0,-1.1,-0.4783
iTst_878_1e3,1,5000,500,1000,141,0.0,2.0,-1.0,-0.0667,-0.0408
iTst_879_1e3,1,5000,500,1000,128,0.0,0.0,nan,0.0,0.0
iTst_880_1e3,1,5000,500,1000,151,2.0,0.0,1.0,0.08,0.0625
iTst_881_1e3,1,5000,500,1000,156,0.0,0.0,nan,0.0,0.0
iTst_88_1e3,1,5000,500,1000,178,1.0,0.0,1.0,0.0179,0.0132
iTst_882_1e3,1,5000,500,1000,178,0.0,0.0,nan,0.0,0.0
iTst_883_1e3,1,5000,500,1000,141,1.0,0.0,1.0,0.0244,0.02
iTst_884_1e3,1,5000,500,1000,145,0.0,0.0,nan,0.0,0.0
iTst_885_1e3,1,5000,500,1000,138,0.0,10.0,-1.0,-0.2857,-0.1887
iTst_886_1e3,1,5000,500,1000,138,0.0,0.0,nan,0.0,0.0
iTst_887_1e3,1,5000,500,1000,144,0.0,10.0,-1.0,-0.4545,-0.2632
iTst_888_1e3,1,5000,500,1000,145,0.0,0.0,nan,0.0,0.0
iTst_889_1e3,1,5000,500,1000,143,1.0,13.0,-0.8571,-0.375,-0.2449
iTst_890_1e3,1,5000,500,1000,148,11.0,0.0,1.0,0.275,0.1746
iTst_891_1e3,1,5000,500,1000,139,2.0,2.0,0.0,0.0,0.0
iTst_89_1e3,1,5000,500,1000,158,2.0,0.0,1.0,0.0417,0.0351
iTst_892_1e3,1,5000,500,1000,161,1.0,18.0,-0.8947,-0.4722,-0.2833
iTst_893_1e3,1,5000,500,1000,150,0.0,0.0,nan,0.0,0.0
iTst_894_1e3,1,5000,500,1000,139,2.0,0.0,1.0,0.1333,0.08
iTst_895_1e3,1,5000,500,1000,197,1.0,0.0,1.0,0.0263,0.02
iTst_896_1e3,1,5000,500,1000,189,1.0,0.0,1.0,0.0196,0.0152
iTst_897_1e3,1,5000,500,1000,150,1.0,2.0,-0.3333,-0.0357,-0.0217
iTst_898_1e3,1,5000,500,1000,132,0.0,6.0,-1.0,-0.3529,-0.2069
iTst_899_1e3,1,5000,500,1000,138,2.0,17.0,-0.7895,-0.4286,-0.2586
iTst_900_1e3,1,5000,500,1000,141,1.0,0.0,1.0,0.0357,0.0323
iTst_901_1e3,1,5000,500,1000,149,0.0,11.0,-1.0,-0.3793,-0.2245
iTst_90_1e3,1,5000,500,1000,127,1.0,16.0,-0.8824,-0.5172,-0.3
iTst_902_1e3,1,5000,500,1000,151,0.0,17.0,-1.0,-0.4048,-0.2615
iTst_903_1e3,1,5000,500,1000,129,1.0,7.0,-0.75,-0.1765,-0.1111
iTst_904_1e3,1,5000,500,1000,181,1.0,13.0,-0.8571,-0.4138,-0.2222
iTst_905_1e3,1,5000,500,1000,141,0.0,7.0,-1.0,-0.2414,-0.1556
iTst_906_1e3,1,5000,500,1000,161,0.0,1.0,-1.0,-0.0278,-0.0185
iTst_907_1e3,1,5000,500,1000,150,0.0,8.0,-1.0,-0.2286,-0.1538
iTst_908_1e3,1,5000,500,1000,161,1.0,1.0,0.0,0.0,0.0
iTst_909_1e3,1,5000,500,1000,162,0.0,1.0,-1.0,-0.0278,-0.0213
iTst_910_1e3,1,5000,500,1000,153,0.0,1.0,-1.0,-0.0227,-0.0167
iTst_911_1e3,1,5000,500,1000,136,0.0,0.0,nan,0.0,0.0
iTst_91_1e3,1,5000,500,1000,156,1.0,0.0,1.0,0.0385,0.0313
iTst_912_1e3,1,5000,500,1000,138,0.0,0.0,nan,0.0,0.0
iTst_913_1e3,1,5000,500,1000,129,0.0,15.0,-1.0,-0.5769,-0.3261
iTst_914_1e3,1,5000,500,1000,165,0.0,2.0,-1.0,-0.0488,-0.0364
iTst_915_1e3,1,5000,500,1000,164,1.0,1.0,0.0,0.0,0.0
iTst_916_1e3,1,5000,500,1000,152,2.0,0.0,1.0,0.0667,0.0488
iTst_917_1e3,1,5000,500,1000,126,1.0,1.0,0.0,0.0,0.0
iTst_918_1e3,1,5000,500,1000,158,0.0,0.0,nan,0.0,0.0
iTst_919_1e3,1,5000,500,1000,157,0.0,13.0,-1.0,-0.7647,-0.3095
iTst_9_1e3,1,5000,500,1000,142,0.0,0.0,nan,0.0,0.0
iTst_920_1e3,1,5000,500,1000,147,0.0,0.0,nan,0.0,0.0
iTst_921_1e3,1,5000,500,1000,146,0.0,0.0,nan,0.0,0.0
iTst_92_1e3,1,5000,500,1000,129,0.0,1.0,-1.0,-0.0417,-0.0357
iTst_922_1e3,1,5000,500,1000,172,8.0,3.0,0.4545,0.125,0.0758
iTst_923_1e3,1,5000,500,1000,162,0.0,8.0,-1.0,-0.2222,-0.1538
iTst_924_1e3,1,5000,500,1000,135,0.0,1.0,-1.0,-0.0294,-0.0213
iTst_925_1e3,1,5000,500,1000,115,0.0,4.0,-1.0,-0.2353,-0.1212
iTst_926_1e3,1,5000,500,1000,180,0.0,12.0,-1.0,-0.2857,-0.1875
iTst_927_1e3,1,5000,500,1000,144,0.0,0.0,nan,0.0,0.0
iTst_928_1e3,1,5000,500,1000,156,1.0,9.0,-0.8,-0.2353,-0.127
iTst_929_1e3,1,5000,500,1000,155,0.0,1.0,-1.0,-0.0303,-0.0244
iTst_930_1e3,1,5000,500,1000,155,0.0,0.0,nan,0.0,0.0
iTst_931_1e3,1,5000,500,1000,141,2.0,1.0,0.3333,0.0294,0.0238
iTst_93_1e3,1,5000,500,1000,143,0.0,1.0,-1.0,-0.0263,-0.0222
iTst_932_1e3,1,5000,500,1000,139,0.0,0.0,nan,0.0,0.0
iTst_933_1e3,1,5000,500,1000,153,0.0,1.0,-1.0,-0.0417,-0.0278
iTst_934_1e3,1,5000,500,1000,168,1.0,11.0,-0.8333,-0.2273,-0.1429
iTst_935_1e3,1,5000,500,1000,153,1.0,0.0,1.0,0.0263,0.0208
iTst_936_1e3,1,5000,500,1000,147,1.0,0.0,1.0,0.0313,0.0208
iTst_937_1e3,1,5000,500,1000,133,0.0,0.0,nan,0.0,0.0
iTst_938_1e3,1,5000,500,1000,142,0.0,12.0,-1.0,-0.4286,-0.25
iTst_939_1e3,1,5000,500,1000,146,0.0,1.0,-1.0,-0.027,-0.0204
iTst_940_1e3,1,5000,500,1000,159,1.0,1.0,0.0,0.0,0.0
iTst_941_1e3,1,5000,500,1000,147,0.0,1.0,-1.0,-0.0323,-0.027
iTst_94_1e3,1,5000,500,1000,159,0.0,0.0,nan,0.0,0.0
iTst_942_1e3,1,5000,500,1000,142,0.0,19.0,-1.0,-0.6333,-0.3455
iTst_943_1e3,1,5000,500,1000,156,0.0,0.0,nan,0.0,0.0
iTst_944_1e3,1,5000,500,1000,151,1.0,2.0,-0.3333,-0.0286,-0.0208
iTst_945_1e3,1,5000,500,1000,159,0.0,23.0,-1.0,-0.7931,-0.4259
iTst_946_1e3,1,5000,500,1000,143,0.0,7.0,-1.0,-0.1944,-0.1429
iTst_947_1e3,1,5000,500,1000,140,0.0,0.0,nan,0.0,0.0
iTst_948_1e3,1,5000,500,1000,128,1.0,0.0,1.0,0.037,0.0233
iTst_949_1e3,1,5000,500,1000,139,0.0,0.0,nan,0.0,0.0
iTst_950_1e3,1,5000,500,1000,154,1.0,1.0,0.0,0.0,0.0
iTst_951_1e3,1,5000,500,1000,147,0.0,2.0,-1.0,-0.0741,-0.0541
iTst_95_1e3,1,5000,500,1000,145,0.0,12.0,-1.0,-0.3871,-0.2609
iTst_952_1e3,1,5000,500,1000,147,0.0,0.0,nan,0.0,0.0
iTst_953_1e3,1,5000,500,1000,186,7.0,1.0,0.75,0.1463,0.0769
iTst_954_1e3,1,5000,500,1000,142,0.0,1.0,-1.0,-0.025,-0.0208
iTst_955_1e3,1,5000,500,1000,178,0.0,23.0,-1.0,-1.0455,-0.4259
iTst_956_1e3,1,5000,500,1000,144,0.0,0.0,nan,0.0,0.0
iTst_957_1e3,1,5000,500,1000,153,0.0,0.0,nan,0.0,0.0
iTst_958_1e3,1,5000,500,1000,139,0.0,0.0,nan,0.0,0.0
iTst_959_1e3,1,5000,500,1000,139,0.0,10.0,-1.0,-0.303,-0.2128
iTst_960_1e3,1,5000,500,1000,150,0.0,0.0,nan,0.0,0.0
iTst_961_1e3,1,5000,500,1000,147,1.0,0.0,1.0,0.0333,0.025
iTst_96_1e3,1,5000,500,1000,136,0.0,0.0,nan,0.0,0.0
iTst_962_1e3,1,5000,500,1000,137,1.0,0.0,1.0,0.0263,0.0196
iTst_963_1e3,1,5000,500,1000,160,0.0,1.0,-1.0,-0.037,-0.0244
iTst_964_1e3,1,5000,500,1000,141,0.0,0.0,nan,0.0,0.0
iTst_965_1e3,1,5000,500,1000,172,0.0,3.0,-1.0,-0.0833,-0.0652
iTst_966_1e3,1,5000,500,1000,142,0.0,12.0,-1.0,-0.4138,-0.2553
iTst_967_1e3,1,5000,500,1000,137,0.0,1.0,-1.0,-0.0357,-0.027
iTst_968_1e3,1,5000,500,1000,141,0.0,0.0,nan,0.0,0.0
iTst_969_1e3,1,5000,500,1000,143,2.0,0.0,1.0,0.0667,0.0476
iTst_970_1e3,1,5000,500,1000,147,0.0,1.0,-1.0,-0.0357,-0.0256
iTst_971_1e3,1,5000,500,1000,153,0.0,11.0,-1.0,-0.2895,-0.2037
iTst_97_1e3,1,5000,500,1000,159,0.0,0.0,nan,0.0,0.0
iTst_972_1e3,1,5000,500,1000,122,0.0,1.0,-1.0,-0.0476,-0.0345
iTst_973_1e3,1,5000,500,1000,119,0.0,0.0,nan,0.0,0.0
iTst_974_1e3,1,5000,500,1000,136,2.0,7.0,-0.5556,-0.2,-0.125
iTst_975_1e3,1,5000,500,1000,148,0.0,1.0,-1.0,-0.0345,-0.0256
iTst_976_1e3,1,5000,500,1000,151,1.0,0.0,1.0,0.0313,0.0263
iTst_977_1e3,1,5000,500,1000,152,0.0,13.0,-1.0,-0.3824,-0.2364
iTst_978_1e3,1,5000,500,1000,143,0.0,0.0,nan,0.0,0.0
iTst_979_1e3,1,5000,500,1000,164,0.0,0.0,nan,0.0,0.0
iTst_980_1e3,1,5000,500,1000,120,0.0,1.0,-1.0,-0.0435,-0.0313
iTst_981_1e3,1,5000,500,1000,182,0.0,1.0,-1.0,-0.0185,-0.0167
iTst_98_1e3,1,5000,500,1000,135,1.0,0.0,1.0,0.0294,0.0208
iTst_982_1e3,1,5000,500,1000,183,0.0,13.0,-1.0,-0.3421,-0.2
iTst_983_1e3,1,5000,500,1000,144,0.0,1.0,-1.0,-0.0222,-0.0192
iTst_984_1e3,1,5000,500,1000,155,0.0,0.0,nan,0.0,0.0
iTst_985_1e3,1,5000,500,1000,152,0.0,20.0,-1.0,-0.7407,-0.3125
iTst_986_1e3,1,5000,500,1000,157,0.0,0.0,nan,0.0,0.0
iTst_987_1e3,1,5000,500,1000,162,1.0,2.0,-0.3333,-0.0357,-0.0222
iTst_988_1e3,1,5000,500,1000,141,4.0,0.0,1.0,0.129,0.0645
iTst_989_1e3,1,5000,500,1000,146,1.0,1.0,0.0,0.0,0.0
iTst_990_1e3,1,5000,500,1000,157,0.0,8.0,-1.0,-0.2424,-0.1569
iTst_991_1e3,1,5000,500,1000,138,0.0,20.0,-1.0,-0.7692,-0.3636
iTst_99_1e3,1,5000,500,1000,138,1.0,4.0,-0.6,-0.1304,-0.0769
iTst_992_1e3,1,5000,500,1000,190,1.0,22.0,-0.913,-0.3684,-0.2283
iTst_993_1e3,1,5000,500,1000,155,1.0,1.0,0.0,0.0,0.0
iTst_994_1e3,1,5000,500,1000,143,0.0,16.0,-1.0,-0.7273,-0.3902
iTst_995_1e3,1,5000,500,1000,131,0.0,1.0,-1.0,-0.027,-0.0204
iTst_996_1e3,1,5000,500,1000,134,0.0,4.0,-1.0,-0.16,-0.1143
iTst_997_1e3,1,5000,500,1000,133,0.0,16.0,-1.0,-0.64,-0.3333
iTst_998_1e3,1,5000,500,1000,178,1.0,1.0,0.0,0.0,0.0
iTst_999_1e3,1,5000,500,1000,161,0.0,0.0,nan,0.0,0.0
